0.000000
540.000000
538.128460
536.282634
534.462107
532.666469
530.895320
529.148265
527.424916
525.724894
524.047823
522.393336
520.761073
519.150679
517.561804
515.994107
514.447251
512.920906
511.414746
509.928452
508.461711
507.014214
505.585657
504.175744
502.784182
501.410682
500.054963
498.716746
497.395758
496.091732
494.804403
493.533512
492.278805
491.040030
489.816942
488.609298
487.416861
486.239397
485.076676
483.928471
482.794562
481.674729
480.568757
479.476436
478.397557
477.331918
476.279316
475.239556
474.212442
473.197785
472.195396
471.205092
470.226690
469.260013
468.304885
467.361134
466.428590
465.507087
464.596459
463.696547
462.807191
461.928235
461.059526
460.200913
459.352248
458.513383
457.684176
456.864485
456.054172
455.253099
454.461132
453.678138
452.903988
452.138553
451.381708
450.633327
449.893290
449.161476
448.437767
447.722047
447.014202
446.314118
445.621686
444.936796
444.259341
443.589216
442.926316
442.270540
441.621787
440.979958
440.344956
439.716684
439.095048
438.479956
437.871315
437.269037
436.673032
436.083213
435.499494
434.921791
434.350020
433.784100
433.223950
432.669490
432.120643
431.577331
431.039479
430.507011
429.979855
429.457939
428.941190
428.429538
427.922916
427.421254
426.924485
426.432544
425.945366
425.462886
424.985042
424.511771
424.043013
423.578706
423.118793
422.663213
422.211911
421.764828
421.321909
420.883100
420.448345
420.017592
419.590788
419.167880
418.748819
418.333552
417.922032
417.514209
417.110035
416.709462
416.312445
415.918935
415.528889
415.142262
414.759008
414.379086
414.002452
413.629064
413.258880
412.891859
412.527961
412.167147
411.809376
411.454610
411.102811
410.753941
410.407963
410.064841
409.724539
409.387021
409.052252
408.720197
408.390823
408.064096
407.739982
407.418450
407.099467
406.783001
406.469021
406.157496
405.848396
405.541690
405.237350
404.935345
404.635648
404.338229
404.043061
403.750116
403.459368
403.170788
402.884350
402.600029
402.317799
402.037634
401.759509
401.483399
401.209280
400.937128
400.666920
400.398630
400.132238
399.867719
399.605051
399.344212
399.085180
398.827934
398.572452
398.318713
398.066696
397.816381
397.567747
397.320775
397.075445
396.831737
396.589632
396.349112
396.110157
395.872749
395.636871
395.402503
395.169628
394.938229
394.708289
394.479790
394.252715
394.027048
393.802773
393.579873
393.358333
393.138135
392.919266
392.701709
392.485450
392.270473
392.056764
391.844307
391.633089
391.423095
391.214311
391.006724
390.800319
390.595083
390.391002
390.188064
389.986256
389.785563
389.585975
389.387478
389.190059
388.993707
388.798409
388.604154
388.410929
388.218724
388.027526
387.837323
387.648106
387.459863
387.272582
387.086253
386.900866
386.716409
386.532872
386.350246
386.168519
385.987681
385.807724
385.628636
385.450409
385.273033
385.096497
384.920794
384.745912
384.571845
384.398582
384.226114
384.054433
383.883530
383.713397
383.544024
383.375404
383.207528
383.040388
382.873976
382.708284
382.543304
382.379028
382.215448
382.052557
381.890348
381.728812
381.567943
381.407733
381.248175
381.089262
380.930987
380.773342
380.616322
380.459918
380.304125
380.148937
379.994345
379.840344
379.686928
379.534090
379.381823
379.230122
379.078981
378.928393
378.778353
378.628855
378.479892
378.331459
378.183551
378.036161
377.889284
377.742915
377.597048
377.451678
377.306799
377.162406
377.018494
376.875058
376.732093
376.589594
376.447555
376.305971
376.164839
376.024153
375.883908
375.744100
375.604724
375.465775
375.327249
375.189142
375.051448
374.914164
374.777285
374.640807
374.504725
374.369036
374.233735
374.098819
373.964282
373.830122
373.696334
373.562913
373.429857
373.297162
373.164823
373.032837
372.901201
372.769909
372.638960
372.508349
372.378072
372.248127
372.118510
371.989216
371.860244
371.731589
371.603248
371.475218
371.347496
371.220078
371.092961
370.966143
370.839619
370.713387
370.587444
370.461787
370.336412
370.211317
370.086500
369.961956
369.837683
369.713679
369.589941
369.466465
369.343249
369.220291
369.097587
368.975135
368.852933
368.730978
368.609267
368.487797
368.366567
368.245573
368.124814
368.004287
367.883989
367.763918
367.644071
367.524448
367.405044
367.285858
367.166887
367.048130
366.929584
366.811247
366.693117
366.575192
366.457468
366.339946
366.222622
366.105494
365.988560
365.871819
365.755268
365.638905
365.522729
365.406737
365.290928
365.175299
365.059850
364.944577
364.829480
364.714555
364.599803
364.485221
364.370806
364.256558
364.142475
364.028554
363.914795
363.801196
363.687754
363.574469
363.461339
363.348362
363.235536
363.122861
363.010334
362.897955
362.785720
362.673630
362.561682
362.449876
362.338209
362.226680
362.115288
362.004032
361.892909
361.781920
361.671061
361.560333
361.449733
361.339260
361.228914
361.118692
361.008594
360.898617
360.788762
360.679027
360.569410
360.459910
360.350527
360.241258
360.132103
360.023061
359.914130
359.805310
359.696598
359.587995
359.479499
359.371108
359.262823
359.154641
359.046562
358.938584
358.830707
358.722930
358.615251
358.507670
358.400185
358.292796
358.185502
358.078301
357.971193
357.864177
357.757252
357.650416
357.543670
357.437011
357.330440
357.223955
357.117556
357.011241
356.905010
356.798862
356.692796
356.586811
356.480907
356.375082
356.269336
356.163667
356.058076
355.952562
355.847123
355.741758
355.636468
355.531252
355.426108
355.321035
355.216034
355.111104
355.006243
354.901451
354.796727
354.692071
354.587482
354.482959
354.378502
354.274109
354.169781
354.065517
353.961316
353.857176
353.753099
353.649083
353.545127
353.441231
353.337394
353.233616
353.129896
353.026233
352.922628
352.819078
352.715585
352.612146
352.508763
352.405433
352.302157
352.198934
352.095763
351.992644
351.889577
351.786560
351.683594
351.580678
351.477811
351.374993
351.272224
351.169502
351.066828
350.964200
350.861619
350.759084
350.656595
350.554151
350.451751
350.349395
350.247084
350.144815
350.042589
349.940406
349.838265
349.736165
349.634106
349.532088
349.430111
349.328173
349.226275
349.124416
349.022595
348.920813
348.819069
348.717363
348.615693
348.514061
348.412464
348.310904
348.209380
348.107891
348.006437
347.905018
347.803633
347.702282
347.600964
347.499680
347.398429
347.297210
347.196023
347.094869
346.993746
346.892655
346.791594
346.690564
346.589565
346.488595
346.387656
346.286746
346.185865
346.085012
345.984189
345.883394
345.782627
345.681887
345.581175
345.480490
345.379832
345.279201
345.178596
345.078017
344.977464
344.876937
344.776435
344.675958
344.575506
344.475078
344.374675
344.274296
344.173941
344.073609
343.973300
343.873015
343.772753
343.672513
343.572296
343.472101
343.371928
343.271777
343.171647
343.071539
342.971451
342.871385
342.771339
342.671314
342.571309
342.471325
342.371360
342.271415
342.171489
342.071582
341.971695
341.871827
341.771977
341.672146
341.572333
341.472538
341.372761
341.273002
341.173261
341.073537
340.973831
340.874141
340.774468
340.674813
340.575173
340.475550
340.375944
340.276353
340.176779
340.077220
339.977677
339.878149
339.778636
339.679139
339.579657
339.480189
339.380737
339.281298
339.181874
339.082465
338.983069
338.883688
338.784320
338.684966
338.585626
338.486299
338.386985
338.287684
338.188397
338.089122
337.989860
337.890611
337.791374
337.692150
337.592938
337.493738
337.394550
337.295374
337.196209
337.097057
336.997916
336.898786
336.799668
336.700560
336.601464
336.502379
336.403305
336.304241
336.205188
336.106146
336.007114
335.908093
335.809081
335.710080
335.611089
335.512107
335.413136
335.314174
335.215222
335.116279
335.017346
334.918422
334.819508
334.720602
334.621706
334.522819
334.423940
334.325070
334.226209
334.127357
334.028513
333.929678
333.830851
333.732032
333.633221
333.534419
333.435624
333.336838
333.238059
333.139288
333.040525
332.941770
332.843022
332.744281
332.645548
332.546823
332.448104
332.349393
332.250689
332.151992
332.053301
331.954618
331.855942
331.757272
331.658609
331.559953
331.461303
331.362660
331.264023
331.165393
331.066769
330.968151
330.869539
330.770934
330.672334
330.573741
330.475153
330.376572
330.277996
330.179426
330.080861
329.982303
329.883749
329.785202
329.686660
329.588123
329.489592
329.391065
329.292545
329.194029
329.095519
328.997013
328.898513
328.800018
328.701528
328.603042
328.504562
328.406086
328.307615
328.209149
328.110687
328.012230
327.913778
327.815330
327.716887
327.618448
327.520013
327.421583
327.323157
327.224735
327.126318
327.027905
326.929496
326.831091
326.732690
326.634293
326.535900
326.437511
326.339125
326.240744
326.142367
326.043993
325.945623
325.847257
325.748894
325.650535
325.552180
325.453828
325.355479
325.257135
325.158793
325.060455
324.962121
324.863789
324.765461
324.667137
324.568815
324.470497
324.372182
324.273870
324.175562
324.077256
323.978953
323.880654
323.782357
323.684064
323.585773
323.487485
323.389200
323.290918
323.192639
323.094363
322.996089
322.897818
322.799550
322.701284
322.603021
322.504761
322.406503
322.308248
322.209996
322.111746
322.013498
321.915253
321.817011
321.718771
321.620533
321.522298
321.424065
321.325834
321.227606
321.129380
321.031156
320.932934
320.834715
320.736498
320.638283
320.540070
320.441859
320.343650
320.245444
320.147239
320.049037
319.950837
319.852638
319.754442
319.656247
319.558055
319.459864
319.361676
319.263489
319.165304
319.067121
318.968940
318.870760
318.772583
318.674407
318.576233
318.478060
318.379890
318.281721
318.183554
318.085388
317.987224
317.889062
317.790901
317.692742
317.594585
317.496429
317.398275
317.300122
317.201971
317.103821
317.005673
316.907526
316.809381
316.711237
316.613095
316.514954
316.416814
316.318676
316.220539
316.122404
316.024270
315.926137
315.828006
315.729876
315.631747
315.533619
315.435493
315.337368
315.239245
315.141122
315.043001
314.944881
314.846762
314.748644
314.650528
314.552413
314.454299
314.356186
314.258074
314.159963
314.061853
313.963745
313.865637
313.767531
313.669426
313.571321
313.473218
313.375116
313.277015
313.178915
313.080816
312.982717
312.884620
312.786524
312.688429
312.590334
312.492241
312.394149
312.296057
312.197967
312.099877
312.001788
311.903700
311.805613
311.707527
311.609442
311.511357
311.413274
311.315191
311.217109
311.119028
311.020948
310.922868
310.824790
310.726712
310.628635
310.530558
310.432483
310.334408
310.236334
310.138260
310.040188
309.942116
309.844045
309.745974
309.647905
309.549836
309.451767
309.353700
309.255633
309.157566
309.059501
308.961436
308.863371
308.765307
308.667244
308.569182
308.471120
308.373059
308.274998
308.176938
308.078879
307.980820
307.882762
307.784704
307.686647
307.588591
307.490535
307.392480
307.294425
307.196371
307.098317
307.000264
306.902211
306.804159
306.706107
306.608056
306.510006
306.411956
306.313906
306.215857
306.117808
306.019760
305.921713
305.823666
305.725619
305.627573
305.529527
305.431482
305.333437
305.235393
305.137349
305.039305
304.941262
