0.000000
2.303585
2.295560
2.287562
2.279590
2.271644
2.263724
2.255830
2.247962
2.240120
2.232305
2.224515
2.216752
2.209014
2.201303
2.193618
2.185958
2.178325
2.170717
2.163136
2.155580
2.148049
2.140545
2.133066
2.125612
2.118184
2.110781
2.103404
2.096052
2.088724
2.081422
2.074145
2.066893
2.059665
2.052462
2.045284
2.038130
2.031001
2.023896
2.016815
2.009758
2.002725
1.995716
1.988731
1.981769
1.974831
1.967917
1.961026
1.954158
1.947313
1.940492
1.933693
1.926917
1.920164
1.913434
1.906726
1.900041
1.893379
1.886738
1.880120
1.873524
1.866950
1.860398
1.853868
1.847360
1.840873
1.834408
1.827965
1.821543
1.815143
1.808764
1.802407
1.796070
1.789755
1.783462
1.777189
1.770937
1.764706
1.758496
1.752308
1.746139
1.739992
1.733866
1.727760
1.721675
1.715611
1.709567
1.703544
1.697542
1.691560
1.685599
1.679658
1.673738
1.667838
1.661959
1.656100
1.650261
1.644444
1.638646
1.632869
1.627113
1.621377
1.615661
1.609966
1.604292
1.598638
1.593004
1.587391
1.581798
1.576226
1.570674
1.565143
1.559633
1.554143
1.548673
1.543225
1.537796
1.532389
1.527002
1.521636
1.516290
1.510965
1.505661
1.500378
1.495116
1.489874
1.484653
1.479453
1.474274
1.469116
1.463979
1.458862
1.453767
1.448693
1.443640
1.438607
1.433596
1.428606
1.423638
1.418690
1.413764
1.408858
1.403974
1.399112
1.394270
1.389450
1.384651
1.379874
1.375118
1.370383
1.365670
1.360978
1.356307
1.351659
1.347031
1.342425
1.337841
1.333278
1.328737
1.324217
1.319719
1.315242
1.310787
1.306354
1.301942
1.297552
1.293184
1.288837
1.284512
1.280208
1.275926
1.271666
1.267428
1.263211
1.259015
1.254842
1.250690
1.246560
1.242451
1.238364
1.234299
1.230255
1.226233
1.222233
1.218254
1.214297
1.210361
1.206447
1.202555
1.198684
1.194834
1.191006
1.187200
1.183415
1.179651
1.175909
1.172188
1.168488
1.164810
1.161153
1.157518
1.153903
1.150310
1.146738
1.143187
1.139658
1.136149
1.132661
1.129195
1.125749
1.122324
1.118921
1.115538
1.112175
1.108834
1.105513
1.102213
1.098934
1.095675
1.092437
1.089219
1.086021
1.082844
1.079687
1.076551
1.073435
1.070339
1.067263
1.064207
1.061171
1.058155
1.055158
1.052182
1.049225
1.046288
1.043371
1.040473
1.037595
1.034736
1.031897
1.029077
1.026276
1.023494
1.020731
1.017988
1.015263
1.012557
1.009870
1.007202
1.004552
1.001921
0.999309
0.996715
0.994140
0.991582
0.989043
0.986522
0.984020
0.981535
0.979068
0.976619
0.974188
0.971774
0.969378
0.967000
0.964639
0.962295
0.959969
0.957660
0.955368
0.953093
0.950835
0.948594
0.946370
0.944162
0.941971
0.939797
0.937639
0.935498
0.933372
0.931263
0.929171
0.927094
0.925033
0.922988
0.920959
0.918946
0.916948
0.914965
0.912999
0.911047
0.909111
0.907190
0.905284
0.903393
0.901517
0.899656
0.897810
0.895979
0.894162
0.892359
0.890571
0.888797
0.887038
0.885292
0.883561
0.881844
0.880141
0.878451
0.876775
0.875113
0.873465
0.871829
0.870208
0.868599
0.867004
0.865422
0.863853
0.862297
0.860754
0.859224
0.857706
0.856201
0.854709
0.853229
0.851761
0.850306
0.848863
0.847432
0.846013
0.844606
0.843211
0.841828
0.840456
0.839096
0.837748
0.836411
0.835086
0.833772
0.832469
0.831177
0.829897
0.828627
0.827368
0.826120
0.824883
0.823657
0.822441
0.821236
0.820041
0.818857
0.817683
0.816519
0.815365
0.814221
0.813088
0.811964
0.810850
0.809746
0.808651
0.807567
0.806491
0.805426
0.804369
0.803322
0.802285
0.801256
0.800237
0.799226
0.798225
0.797233
0.796249
0.795274
0.794308
0.793350
0.792402
0.791461
0.790529
0.789606
0.788690
0.787783
0.786884
0.785993
0.785111
0.784236
0.783369
0.782510
0.781659
0.780815
0.779979
0.779151
0.778330
0.777517
0.776711
0.775913
0.775121
0.774337
0.773561
0.772791
0.772028
0.771272
0.770524
0.769782
0.769047
0.768318
0.767597
0.766882
0.766174
0.765472
0.764776
0.764087
0.763405
0.762729
0.762059
0.761395
0.760737
0.760086
0.759440
0.758801
0.758167
0.757540
0.756918
0.756302
0.755692
0.755087
0.754488
0.753895
0.753307
0.752725
0.752148
0.751577
0.751011
0.750450
0.749895
0.749345
0.748800
0.748260
0.747725
0.747195
0.746670
0.746150
0.745635
0.745125
0.744620
0.744119
0.743624
0.743133
0.742646
0.742164
0.741687
0.741214
0.740746
0.740282
0.739823
0.739368
0.738917
0.738471
0.738028
0.737590
0.737157
0.736727
0.736301
0.735880
0.735462
0.735049
0.734639
0.734234
0.733832
0.733434
0.733040
0.732649
0.732263
0.731880
0.731501
0.731125
0.730753
0.730385
0.730020
0.729658
0.729300
0.728946
0.728595
0.728247
0.727903
0.727562
0.727224
0.726889
0.726558
0.726230
0.725905
0.725583
0.725265
0.724949
0.724637
0.724327
0.724020
0.723717
0.723416
0.723118
0.722824
0.722532
0.722242
0.721956
0.721672
0.721392
0.721113
0.720838
0.720565
0.720295
0.720028
0.719763
0.719500
0.719241
0.718983
0.718729
0.718476
0.718227
0.717979
0.717734
0.717492
0.717251
0.717013
0.716778
0.716545
0.716314
0.716085
0.715858
0.715634
0.715412
0.715192
0.714974
0.714758
0.714545
0.714333
0.714124
0.713917
0.713711
0.713508
0.713306
0.713107
0.712910
0.712714
0.712521
0.712329
0.712139
0.711951
0.711765
0.711581
0.711398
0.711217
0.711038
0.710861
0.710686
0.710512
0.710340
0.710170
0.710001
0.709834
0.709669
0.709505
0.709343
0.709182
0.709023
0.708866
0.708710
0.708556
0.708403
0.708252
0.708102
0.707954
0.707807
0.707661
0.707517
0.707375
0.707234
0.707094
0.706955
0.706818
0.706683
0.706548
0.706415
0.706284
0.706153
0.706024
0.705896
0.705769
0.705644
0.705520
0.705397
0.705275
0.705155
0.705036
0.704918
0.704801
0.704685
0.704570
0.704457
0.704344
0.704233
0.704123
0.704014
0.703906
0.703799
0.703693
0.703588
0.703484
0.703381
0.703280
0.703179
0.703079
0.702980
0.702882
0.702786
0.702690
0.702595
0.702501
0.702408
0.702316
0.702224
0.702134
0.702045
0.701956
0.701868
0.701782
0.701696
0.701611
0.701526
0.701443
0.701360
0.701279
0.701198
0.701117
0.701038
0.700960
0.700882
0.700805
0.700728
0.700653
0.700578
0.700504
0.700431
0.700358
0.700287
0.700215
0.700145
0.700075
0.700006
0.699938
0.699870
0.699803
0.699737
0.699671
0.699606
0.699542
0.699478
0.699415
0.699353
0.699291
0.699230
0.699169
0.699109
0.699050
0.698991
0.698932
0.698875
0.698818
0.698761
0.698705
0.698650
0.698595
0.698541
0.698487
0.698434
0.698381
0.698329
0.698277
0.698226
0.698175
0.698125
0.698075
0.698026
0.697978
0.697929
0.697882
0.697835
0.697788
0.697741
0.697696
0.697650
0.697605
0.697561
0.697517
0.697473
0.697430
0.697387
0.697345
0.697303
0.697262
0.697221
0.697180
0.697140
0.697100
0.697061
0.697021
0.696983
0.696945
0.696907
0.696869
0.696832
0.696795
0.696759
0.696723
0.696687
0.696652
0.696617
0.696582
0.696548
0.696514
0.696480
0.696447
0.696414
0.696381
0.696349
0.696317
0.696286
0.696254
0.696223
0.696193
0.696162
0.696132
0.696102
0.696073
0.696043
0.696015
0.695986
0.695958
0.695930
0.695902
0.695874
0.695847
0.695820
0.695793
0.695767
0.695741
0.695715
0.695689
0.695664
0.695639
0.695614
0.695589
0.695565
0.695541
0.695517
0.695493
0.695470
0.695446
0.695424
0.695401
0.695378
0.695356
0.695334
0.695312
0.695290
0.695269
0.695248
0.695227
0.695206
0.695186
0.695165
0.695145
0.695125
0.695105
0.695086
0.695066
0.695047
0.695028
0.695009
0.694991
0.694972
0.694954
0.694936
0.694918
0.694901
0.694883
0.694866
0.694849
0.694832
0.694815
0.694798
0.694782
0.694765
0.694749
0.694733
0.694717
0.694702
0.694686
0.694671
0.694655
0.694640
0.694625
0.694611
0.694596
0.694582
0.694567
0.694553
0.694539
0.694525
0.694511
0.694498
0.694484
0.694471
0.694458
0.694444
0.694432
0.694419
0.694406
0.694393
0.694381
0.694369
0.694356
0.694344
0.694332
0.694321
0.694309
0.694297
0.694286
0.694274
0.694263
0.694252
0.694241
0.694230
0.694219
0.694208
0.694198
0.694187
0.694177
0.694167
0.694156
0.694146
0.694136
0.694126
0.694117
0.694107
0.694097
0.694088
0.694078
0.694069
0.694060
0.694051
0.694042
0.694033
0.694024
0.694015
0.694007
0.693998
0.693989
0.693981
0.693973
0.693964
0.693956
0.693948
0.693940
0.693932
0.693924
0.693917
0.693909
0.693901
0.693894
0.693886
0.693879
0.693872
0.693864
0.693857
0.693850
0.693843
0.693836
0.693829
0.693822
0.693816
0.693809
0.693802
0.693796
0.693789
0.693783
0.693777
0.693770
0.693764
0.693758
0.693752
0.693746
0.693740
0.693734
0.693728
0.693722
0.693716
0.693711
0.693705
0.693700
0.693694
0.693689
0.693683
0.693678
0.693672
0.693667
0.693662
0.693657
0.693652
0.693647
0.693642
0.693637
0.693632
0.693627
0.693622
0.693618
0.693613
0.693608
0.693604
0.693599
0.693594
0.693590
0.693586
0.693581
0.693577
0.693573
0.693568
0.693564
0.693560
0.693556
0.693552
0.693548
0.693544
0.693540
0.693536
0.693532
0.693528
0.693524
0.693520
0.693517
0.693513
0.693509
0.693506
0.693502
0.693499
0.693495
0.693492
0.693488
0.693485
0.693481
0.693478
0.693475
0.693471
0.693468
0.693465
0.693462
0.693459
0.693456
0.693452
0.693449
0.693446
0.693443
0.693440
0.693438
0.693435
0.693432
0.693429
0.693426
0.693423
0.693421
0.693418
0.693415
0.693412
0.693410
0.693407
0.693405
0.693402
0.693399
0.693397
0.693394
0.693392
0.693389
0.693387
0.693385
0.693382
0.693380
0.693378
0.693375
0.693373
0.693371
0.693369
0.693366
0.693364
0.693362
0.693360
0.693358
0.693356
0.693354
0.693351
0.693349
0.693347
0.693345
