10.000000
9.910000
9.820900
9.732691
9.645364
9.558910
9.473321
9.388588
9.304702
9.221655
9.139439
9.058044
8.977464
8.897689
8.818712
8.740525
8.663120
8.586489
8.510624
8.435518
8.361162
8.287551
8.214675
8.142529
8.071103
8.000392
7.930388
7.861084
7.792474
7.724549
7.657303
7.590730
7.524823
7.459575
7.394979
7.331029
7.267719
7.205042
7.142991
7.081561
7.020746
6.960538
6.900933
6.841924
6.783504
6.725669
6.668413
6.611729
6.555611
6.500055
6.445055
6.390604
6.336698
6.283331
6.230498
6.178193
6.126411
6.075147
6.024395
5.974151
5.924410
5.875166
5.826414
5.778150
5.730368
5.683065
5.636234
5.589872
5.543973
5.498533
5.453548
5.409012
5.364922
5.321273
5.278060
5.235280
5.192927
5.150998
5.109488
5.068393
5.027709
4.987432
4.947558
4.908082
4.869001
4.830311
4.792008
4.754088
4.716547
4.679382
4.642588
4.606162
4.570100
4.534399
4.499055
4.464065
4.429424
4.395130
4.361179
4.327567
4.294291
4.261348
4.228735
4.196447
4.164483
4.132838
4.101510
4.070495
4.039790
4.009392
3.979298
3.949505
3.920010
3.890810
3.861902
3.833283
3.804950
3.776900
3.749131
3.721640
3.694424
3.667479
3.640804
3.614396
3.588252
3.562370
3.536746
3.511379
3.486265
3.461402
3.436788
3.412420
3.388296
3.364413
3.340769
3.317361
3.294188
3.271246
3.248534
3.226048
3.203788
3.181750
3.159932
3.138333
3.116950
3.095780
3.074822
3.054074
3.033533
3.013198
2.993066
2.973135
2.953404
2.933870
2.914531
2.895386
2.876432
2.857668
2.839091
2.820700
2.802493
2.784468
2.766624
2.748957
2.731468
2.714153
2.697012
2.680041
2.663241
2.646609
2.630143
2.613841
2.597703
2.581726
2.565908
2.550249
2.534747
2.519399
2.504205
2.489163
2.474272
2.459529
2.444934
2.430484
2.416180
2.402018
2.387998
2.374118
2.360376
2.346773
2.333305
2.319972
2.306772
2.293704
2.280767
2.267960
2.255280
2.242727
2.230300
2.217997
2.205817
2.193759
2.181821
2.170003
2.158303
2.146720
2.135253
2.123900
2.112661
2.101535
2.090519
2.079614
2.068818
2.058130
2.047549
2.037073
2.026702
2.016435
2.006271
1.996208
1.986246
1.976384
1.966620
1.956954
1.947384
1.937910
1.928531
1.919246
1.910053
1.900953
1.891943
1.883024
1.874194
1.865452
1.856797
1.848229
1.839747
1.831349
1.823036
1.814806
1.806658
1.798591
1.790605
1.782699
1.774872
1.767123
1.759452
1.751858
1.744339
1.736896
1.729527
1.722231
1.715009
1.707859
1.700780
1.693773
1.686835
1.679967
1.673167
1.666435
1.659771
1.653173
1.646641
1.640175
1.633773
1.627435
1.621161
1.614950
1.608800
1.602712
1.596685
1.590718
1.584811
1.578963
1.573173
1.567441
1.561767
1.556149
1.550588
1.545082
1.539631
1.534235
1.528892
1.523604
1.518368
1.513184
1.508052
1.502971
1.497942
1.492962
1.488033
1.483152
1.478321
1.473538
1.468802
1.464114
1.459473
1.454878
1.450330
1.445826
1.441368
1.436954
1.432585
1.428259
1.423976
1.419737
1.415539
1.411384
1.407270
1.403197
1.399165
1.395174
1.391222
1.387310
1.383437
1.379602
1.375806
1.372048
1.368328
1.364644
1.360998
1.357388
1.353814
1.350276
1.346773
1.343305
1.339872
1.336474
1.333109
1.329778
1.326480
1.323215
1.319983
1.316783
1.313615
1.310479
1.307375
1.304301
1.301258
1.298245
1.295263
1.292310
1.289387
1.286493
1.283628
1.280792
1.277984
1.275204
1.272452
1.269728
1.267030
1.264360
1.261716
1.259099
1.256508
1.253943
1.251404
1.248890
1.246401
1.243937
1.241497
1.239082
1.236692
1.234325
1.231981
1.229662
1.227365
1.225091
1.222840
1.220612
1.218406
1.216222
1.214060
1.211919
1.209800
1.207702
1.205625
1.203569
1.201533
1.199518
1.197522
1.195547
1.193592
1.191656
1.189739
1.187842
1.185963
1.184104
1.182263
1.180440
1.178636
1.176849
1.175081
1.173330
1.171597
1.169881
1.168182
1.166500
1.164835
1.163187
1.161555
1.159939
1.158340
1.156757
1.155189
1.153637
1.152101
1.150580
1.149074
1.147583
1.146107
1.144646
1.143200
1.141768
1.140350
1.138947
1.137557
1.136182
1.134820
1.133472
1.132137
1.130816
1.129507
1.128212
1.126930
1.125661
1.124404
1.123160
1.121929
1.120709
1.119502
1.118307
1.117124
1.115953
1.114793
1.113645
1.112509
1.111384
1.110270
1.109167
1.108076
1.106995
1.105925
1.104866
1.103817
1.102779
1.101751
1.100734
1.099726
1.098729
1.097742
1.096764
1.095797
1.094839
1.093890
1.092951
1.092022
1.091102
1.090191
1.089289
1.088396
1.087512
1.086637
1.085770
1.084913
1.084064
1.083223
1.082391
1.081567
1.080751
1.079944
1.079144
1.078353
1.077569
1.076794
1.076026
1.075265
1.074513
1.073768
1.073030
1.072300
1.071577
1.070861
1.070152
1.069451
1.068756
1.068069
1.067388
1.066714
1.066047
1.065386
1.064733
1.064085
1.063444
1.062810
1.062182
1.061560
1.060944
1.060335
1.059732
1.059134
1.058543
1.057958
1.057378
1.056804
1.056236
1.055674
1.055117
1.054566
1.054020
1.053480
1.052945
1.052416
1.051892
1.051373
1.050859
1.050350
1.049847
1.049348
1.048855
1.048366
1.047883
1.047404
1.046930
1.046461
1.045996
1.045536
1.045081
1.044630
1.044184
1.043742
1.043304
1.042871
1.042443
1.042018
1.041598
1.041182
1.040770
1.040362
1.039959
1.039559
1.039164
1.038772
1.038384
1.038000
1.037620
1.037244
1.036872
1.036503
1.036138
1.035777
1.035419
1.035065
1.034714
1.034367
1.034023
1.033683
1.033346
1.033013
1.032683
1.032356
1.032032
1.031712
1.031395
1.031081
1.030770
1.030462
1.030158
1.029856
1.029558
1.029262
1.028969
1.028680
1.028393
1.028109
1.027828
1.027550
1.027274
1.027001
1.026731
1.026464
1.026199
1.025937
1.025678
1.025421
1.025167
1.024915
1.024666
1.024420
1.024175
1.023934
1.023694
1.023457
1.023223
1.022990
1.022761
1.022533
1.022308
1.022085
1.021864
1.021645
1.021429
1.021214
1.021002
1.020792
1.020584
1.020378
1.020175
1.019973
1.019773
1.019575
1.019380
1.019186
1.018994
1.018804
1.018616
1.018430
1.018246
1.018063
1.017882
1.017704
1.017527
1.017351
1.017178
1.017006
1.016836
1.016668
1.016501
1.016336
1.016173
1.016011
1.015851
1.015692
1.015535
1.015380
1.015226
1.015074
1.014923
1.014774
1.014626
1.014480
1.014335
1.014192
1.014050
1.013909
1.013770
1.013633
1.013496
1.013361
1.013228
1.013095
1.012964
1.012835
1.012706
1.012579
1.012454
1.012329
1.012206
1.012084
1.011963
1.011843
1.011725
1.011608
1.011491
1.011377
1.011263
1.011150
1.011039
1.010928
1.010819
1.010711
1.010604
1.010498
1.010393
1.010289
1.010186
1.010084
1.009983
1.009883
1.009785
1.009687
1.009590
1.009494
1.009399
1.009305
1.009212
1.009120
1.009029
1.008938
1.008849
1.008760
1.008673
1.008586
1.008500
1.008415
1.008331
1.008248
1.008165
1.008084
1.008003
1.007923
1.007844
1.007765
1.007687
1.007611
1.007535
1.007459
1.007385
1.007311
1.007238
1.007165
1.007094
1.007023
1.006952
1.006883
1.006814
1.006746
1.006678
1.006612
1.006546
1.006480
1.006415
1.006351
1.006288
1.006225
1.006163
1.006101
1.006040
1.005979
1.005920
1.005860
1.005802
1.005744
1.005686
1.005630
1.005573
1.005518
1.005462
1.005408
1.005354
1.005300
1.005247
1.005195
1.005143
1.005091
1.005040
1.004990
1.004940
1.004891
1.004842
1.004793
1.004745
1.004698
1.004651
1.004604
1.004558
1.004513
1.004468
1.004423
1.004379
1.004335
1.004292
1.004249
1.004206
1.004164
1.004123
1.004081
1.004041
1.004000
1.003960
1.003921
1.003881
1.003842
1.003804
1.003766
1.003728
1.003691
1.003654
1.003618
1.003581
1.003546
1.003510
1.003475
1.003440
1.003406
1.003372
1.003338
1.003305
1.003272
1.003239
1.003207
1.003175
1.003143
1.003111
1.003080
1.003049
1.003019
1.002989
1.002959
1.002929
1.002900
1.002871
1.002842
1.002814
1.002786
1.002758
1.002730
1.002703
1.002676
1.002649
1.002623
1.002596
1.002571
1.002545
1.002519
1.002494
1.002469
1.002445
1.002420
1.002396
1.002372
1.002348
1.002325
1.002301
1.002278
1.002256
1.002233
1.002211
1.002189
1.002167
1.002145
1.002124
1.002102
1.002081
1.002061
1.002040
1.002020
1.001999
1.001979
1.001960
1.001940
1.001921
1.001901
1.001882
1.001864
1.001845
1.001826
1.001808
1.001790
1.001772
1.001755
1.001737
1.001720
1.001702
1.001685
1.001669
1.001652
1.001635
1.001619
1.001603
1.001587
1.001571
1.001555
1.001540
1.001524
1.001509
1.001494
1.001479
1.001464
1.001450
1.001435
1.001421
1.001406
1.001392
1.001378
1.001365
1.001351
1.001338
1.001324
1.001311
1.001298
1.001285
1.001272
1.001259
1.001247
1.001234
1.001222
1.001210
1.001198
1.001186
1.001174
1.001162
1.001150
1.001139
1.001127
1.001116
1.001105
1.001094
1.001083
1.001072
1.001061
1.001051
1.001040
1.001030
1.001020
1.001009
1.000999
1.000989
1.000979
1.000970
1.000960
1.000950
1.000941
1.000931
1.000922
1.000913
1.000904
1.000895
1.000886
1.000877
1.000868
1.000860
1.000851
1.000842
1.000834
1.000826
1.000817
1.000809
1.000801
1.000793
1.000785
1.000777
1.000770
1.000762
1.000754
1.000747
1.000739
1.000732
1.000725
1.000717
1.000710
1.000703
1.000696
1.000689
1.000682
1.000675
1.000669
1.000662
1.000655
1.000649
1.000642
1.000636
1.000629
1.000623
1.000617
1.000611
1.000605
1.000599
1.000593
1.000587
1.000581
1.000575
1.000569
1.000564
1.000558
1.000552
1.000547
1.000541
1.000536
1.000531
1.000525
1.000520
1.000515
1.000510
1.000505
1.000500
1.000495
1.000490
1.000485
1.000480
1.000475
1.000470
1.000466
1.000461
1.000456
1.000452
1.000447
1.000443
1.000438
1.000434
1.000430
1.000425
1.000421
1.000417
1.000413
1.000409
1.000404
1.000400
1.000396
1.000392
