50.000000
49.900900
49.802691
49.705364
49.608910
49.513321
49.418588
49.324702
49.231655
49.139439
49.048044
48.957464
48.867689
48.778712
48.690525
48.603120
48.516489
48.430624
48.345518
48.261162
48.177551
48.094675
48.012529
47.931103
47.850392
47.770388
47.691084
47.612474
47.534549
47.457303
47.380730
47.304823
47.229575
47.154979
47.081029
47.007719
46.935042
46.862991
46.791561
46.720746
46.650538
46.580933
46.511924
46.443504
46.375669
46.308413
46.241729
46.175611
46.110055
46.045055
45.980604
45.916698
45.853331
45.790498
45.728193
45.666411
45.605147
45.544395
45.484151
45.424410
45.365166
45.306414
45.248150
45.190368
45.133065
45.076234
45.019872
44.963973
44.908533
44.853548
44.799012
44.744922
44.691273
44.638060
44.585280
44.532927
44.480998
44.429488
44.378393
44.327709
44.277432
44.227558
44.178082
44.129001
44.080311
44.032008
43.984088
43.936547
43.889382
43.842588
43.796162
43.750100
43.704399
43.659055
43.614065
43.569424
43.525130
43.481179
43.437567
43.394291
43.351348
43.308735
43.266447
43.224483
43.182838
43.141510
43.100495
43.059790
43.019392
42.979298
42.939505
42.900010
42.860810
42.821902
42.783283
42.744950
42.706900
42.669131
42.631640
42.594424
42.557479
42.520804
42.484396
42.448252
42.412370
42.376746
42.341379
42.306265
42.271402
42.236788
42.202420
42.168296
42.134413
42.100769
42.067361
42.034188
42.001246
41.968534
41.936048
41.903788
41.871750
41.839932
41.808333
41.776950
41.745780
41.714822
41.684074
41.653533
41.623198
41.593066
41.563135
41.533404
41.503870
41.474531
41.445386
41.416432
41.387668
41.359091
41.330700
41.302493
41.274468
41.246624
41.218957
41.191468
41.164153
41.137012
41.110041
41.083241
41.056609
41.030143
41.003841
40.977703
40.951726
40.925908
40.900249
40.874747
40.849399
40.824205
40.799163
40.774272
40.749529
40.724934
40.700484
40.676180
40.652018
40.627998
40.604118
40.580376
40.556773
40.533305
40.509972
40.486772
40.463704
40.440767
40.417960
40.395280
40.372727
40.350300
40.327997
40.305817
40.283759
40.261821
40.240003
40.218303
40.196720
40.175253
40.153900
40.132661
40.111535
40.090519
40.069614
40.048818
40.028130
40.007549
39.987073
39.966702
39.946435
39.926271
39.906208
39.886246
39.866384
39.846620
39.826954
39.807384
39.787910
39.768531
39.749246
39.730053
39.710953
39.691943
39.673024
39.654194
39.635452
39.616797
39.598229
39.579747
39.561349
39.543036
39.524806
39.506658
39.488591
39.470605
39.452699
39.434872
39.417123
39.399452
39.381858
39.364339
39.346896
39.329527
39.312231
39.295009
39.277859
39.260780
39.243773
39.226835
39.209967
39.193167
39.176435
39.159771
39.143173
39.126641
39.110175
39.093773
39.077435
39.061161
39.044950
39.028800
39.012712
38.996685
38.980718
38.964811
38.948963
38.933173
38.917441
38.901767
38.886149
38.870588
38.855082
38.839631
38.824235
38.808892
38.793604
38.778368
38.763184
38.748052
38.732971
38.717942
38.702962
38.688033
38.673152
38.658321
38.643538
38.628802
38.614114
38.599473
38.584878
38.570330
38.555826
38.541368
38.526954
38.512585
38.498259
38.483976
38.469737
38.455539
38.441384
38.427270
38.413197
38.399165
38.385174
38.371222
38.357310
38.343437
38.329602
38.315806
38.302048
38.288328
38.274644
38.260998
38.247388
38.233814
38.220276
38.206773
38.193305
38.179872
38.166474
38.153109
38.139778
38.126480
38.113215
38.099983
38.086783
38.073615
38.060479
38.047375
38.034301
38.021258
38.008245
37.995263
37.982310
37.969387
37.956493
37.943628
37.930792
37.917984
37.905204
37.892452
37.879728
37.867030
37.854360
37.841716
37.829099
37.816508
37.803943
37.791404
37.778890
37.766401
37.753937
37.741497
37.729082
37.716692
37.704325
37.691981
37.679662
37.667365
37.655091
37.642840
37.630612
37.618406
37.606222
37.594060
37.581919
37.569800
37.557702
37.545625
37.533569
37.521533
37.509518
37.497522
37.485547
37.473592
37.461656
37.449739
37.437842
37.425963
37.414104
37.402263
37.390440
37.378636
37.366849
37.355081
37.343330
37.331597
37.319881
37.308182
37.296500
37.284835
37.273187
37.261555
37.249939
37.238340
37.226757
37.215189
37.203637
37.192101
37.180580
37.169074
37.157583
37.146107
37.134646
37.123200
37.111768
37.100350
37.088947
37.077557
37.066182
37.054820
37.043472
37.032137
37.020816
37.009507
36.998212
36.986930
36.975661
36.964404
36.953160
36.941929
36.930709
36.919502
36.908307
36.897124
36.885953
36.874793
36.863645
36.852509
36.841384
36.830270
36.819167
36.808076
36.796995
36.785925
36.774866
36.763817
36.752779
36.741751
36.730734
36.719726
36.708729
36.697742
36.686764
36.675797
36.664839
36.653890
36.642951
36.632022
36.621102
36.610191
36.599289
36.588396
36.577512
36.566637
36.555770
36.544913
36.534064
36.523223
36.512391
36.501567
36.490751
36.479944
36.469144
36.458353
36.447569
36.436794
36.426026
36.415265
36.404513
36.393768
36.383030
36.372300
36.361577
36.350861
36.340152
36.329451
36.318756
36.308069
36.297388
36.286714
36.276047
36.265386
36.254733
36.244085
36.233444
36.222810
36.212182
36.201560
36.190944
36.180335
36.169732
36.159134
36.148543
36.137958
36.127378
36.116804
36.106236
36.095674
36.085117
36.074566
36.064020
36.053480
36.042945
36.032416
36.021892
36.011373
36.000859
35.990350
35.979847
35.969348
35.958855
35.948366
35.937883
35.927404
35.916930
35.906461
35.895996
35.885536
35.875081
35.864630
35.854184
35.843742
35.833304
35.822871
35.812443
35.802018
35.791598
35.781182
35.770770
35.760362
35.749959
35.739559
35.729164
35.718772
35.708384
35.698000
35.687620
35.677244
35.666872
35.656503
35.646138
35.635777
35.625419
35.615065
35.604714
35.594367
35.584023
35.573683
35.563346
35.553013
35.542683
35.532356
35.522032
35.511712
35.501395
35.491081
35.480770
35.470462
35.460158
35.449856
35.439558
35.429262
35.418969
35.408680
35.398393
35.388109
35.377828
35.367550
35.357274
35.347001
35.336731
35.326464
35.316199
35.305937
35.295678
35.285421
35.275167
35.264915
35.254666
35.244420
35.234175
35.223934
35.213694
35.203457
35.193223
35.182990
35.172761
35.162533
35.152308
35.142085
35.131864
35.121645
35.111429
35.101214
35.091002
35.080792
35.070584
35.060378
35.050175
35.039973
35.029773
35.019575
35.009380
34.999186
34.988994
34.978804
34.968616
34.958430
34.948246
34.938063
34.927882
34.917704
34.907527
34.897351
34.887178
34.877006
34.866836
34.856668
34.846501
34.836336
34.826173
34.816011
34.805851
34.795692
34.785535
34.775380
34.765226
34.755074
34.744923
34.734774
34.724626
34.714480
34.704335
34.694192
34.684050
34.673909
34.663770
34.653633
34.643496
34.633361
34.623228
34.613095
34.602964
34.592835
34.582706
34.572579
34.562454
34.552329
34.542206
34.532084
34.521963
34.511843
34.501725
34.491608
34.481491
34.471377
34.461263
34.451150
34.441039
34.430928
34.420819
34.410711
34.400604
34.390498
34.380393
34.370289
34.360186
34.350084
34.339983
34.329883
34.319785
34.309687
34.299590
34.289494
34.279399
34.269305
34.259212
34.249120
34.239029
34.228938
34.218849
34.208760
34.198673
34.188586
34.178500
34.168415
34.158331
34.148248
34.138165
34.128084
34.118003
34.107923
34.097844
34.087765
34.077687
34.067611
34.057535
34.047459
34.037385
34.027311
34.017238
34.007165
33.997094
33.987023
33.976952
33.966883
33.956814
33.946746
33.936678
33.926612
33.916546
33.906480
33.896415
33.886351
33.876288
33.866225
33.856163
33.846101
33.836040
33.825979
33.815920
33.805860
33.795802
33.785744
33.775686
33.765630
33.755573
33.745518
33.735462
33.725408
33.715354
33.705300
33.695247
33.685195
33.675143
33.665091
33.655040
33.644990
33.634940
33.624891
33.614842
33.604793
33.594745
33.584698
33.574651
33.564604
33.554558
33.544513
33.534468
33.524423
33.514379
33.504335
33.494292
33.484249
33.474206
33.464164
33.454123
33.444081
33.434041
33.424000
33.413960
33.403921
33.393881
33.383842
33.373804
33.363766
33.353728
33.343691
33.333654
33.323618
33.313581
33.303546
33.293510
33.283475
33.273440
33.263406
33.253372
33.243338
33.233305
33.223272
33.213239
33.203207
33.193175
33.183143
33.173111
33.163080
33.153049
33.143019
33.132989
33.122959
33.112929
33.102900
33.092871
33.082842
33.072814
33.062786
33.052758
33.042730
33.032703
33.022676
33.012649
33.002623
32.992596
32.982571
32.972545
32.962519
32.952494
32.942469
32.932445
32.922420
32.912396
32.902372
32.892348
32.882325
32.872301
32.862278
32.852256
32.842233
32.832211
32.822189
32.812167
32.802145
32.792124
32.782102
32.772081
32.762061
32.752040
32.742020
32.731999
32.721979
32.711960
32.701940
32.691921
32.681901
32.671882
32.661864
32.651845
32.641826
32.631808
32.621790
32.611772
32.601755
32.591737
32.581720
32.571702
32.561685
32.551669
32.541652
32.531635
32.521619
32.511603
32.501587
32.491571
32.481555
32.471540
32.461524
32.451509
32.441494
32.431479
32.421464
32.411450
32.401435
32.391421
32.381406
32.371392
32.361378
32.351365
32.341351
32.331338
32.321324
32.311311
32.301298
32.291285
32.281272
32.271259
32.261247
32.251234
32.241222
32.231210
32.221198
32.211186
32.201174
32.191162
32.181150
32.171139
32.161127
32.151116
32.141105
32.131094
32.121083
32.111072
32.101061
32.091051
32.081040
32.071030
32.061020
32.051009
32.040999
32.030989
32.020979
32.010970
32.000960
31.990950
31.980941
31.970931
31.960922
31.950913
31.940904
31.930895
31.920886
31.910877
31.900868
31.890860
31.880851
31.870842
31.860834
31.850826
31.840817
31.830809
31.820801
31.810793
31.800785
31.790777
31.780770
31.770762
31.760754
31.750747
31.740739
31.730732
31.720725
31.710717
31.700710
31.690703
31.680696
31.670689
31.660682
31.650675
31.640669
31.630662
31.620655
31.610649
31.600642
31.590636
31.580629
31.570623
31.560617
31.550611
31.540605
31.530599
31.520593
31.510587
31.500581
31.490575
31.480569
31.470564
31.460558
31.450552
31.440547
31.430541
31.420536
31.410531
31.400525
31.390520
31.380515
31.370510
31.360505
31.350500
31.340495
31.330490
31.320485
31.310480
31.300475
31.290470
31.280466
31.270461
31.260456
31.250452
31.240447
31.230443
31.220438
31.210434
31.200430
31.190425
31.180421
31.170417
31.160413
31.150409
31.140404
31.130400
31.120396
31.110392
31.100389
