0 26.000000
1 20.000000
2 -6.000000
3 -34.000000
4 -16.000000
5 4.000000
6 36.000000
7 54.000000
8 -32.000000
9 22.000000
10 -28.000000
11 -16.000000
12 32.000000
13 -8.000000
14 18.000000
15 -32.000000
16 -30.000000
17 36.000000
18 -24.000000
19 12.000000
20 -48.000000
21 14.000000
22 -10.000000
23 6.000000
24 14.000000
25 0.000000
26 -10.000000
27 72.000000
28 -10.000000
29 34.000000
30 -10.000000
31 -16.000000
32 -56.000000
33 0.000000
34 -30.000000
35 6.000000
36 -22.000000
37 -16.000000
38 20.000000
39 54.000000
40 -54.000000
41 -54.000000
42 12.000000
43 -4.000000
44 2.000000
45 70.000000
46 18.000000
47 -36.000000
48 -12.000000
49 -4.000000
50 22.000000
51 18.000000
52 6.000000
53 28.000000
54 -54.000000
55 46.000000
56 -36.000000
57 50.000000
58 -12.000000
59 -10.000000
60 22.000000
61 -22.000000
62 -24.000000
63 -36.000000
64 -20.000000
65 30.000000
66 -18.000000
67 40.000000
68 -16.000000
69 -24.000000
70 40.000000
71 -30.000000
72 -2.000000
73 -44.000000
74 36.000000
75 -50.000000
76 -20.000000
77 -22.000000
78 52.000000
79 -18.000000
80 62.000000
81 -10.000000
82 -76.000000
83 50.000000
84 42.000000
85 26.000000
86 0.000000
87 -34.000000
88 10.000000
89 -56.000000
90 4.000000
91 -2.000000
92 22.000000
93 4.000000
94 -24.000000
95 -14.000000
96 8.000000
97 4.000000
98 -4.000000
99 34.000000
100 18.000000
101 42.000000
102 -18.000000
103 8.000000
104 48.000000
105 -16.000000
106 -86.000000
107 58.000000
108 18.000000
109 -12.000000
110 30.000000
111 -50.000000
112 -12.000000
113 44.000000
114 20.000000
115 -4.000000
116 -16.000000
117 -10.000000
118 24.000000
119 -42.000000
120 16.000000
121 18.000000
122 42.000000
123 -14.000000
124 34.000000
125 70.000000
126 20.000000
127 48.000000
128 -38.000000
129 46.000000
130 60.000000
131 68.000000
132 20.000000
133 -4.000000
134 -2.000000
135 -26.000000
136 -14.000000
137 -58.000000
138 -28.000000
139 2.000000
140 6.000000
141 20.000000
142 -2.000000
143 -16.000000
144 10.000000
145 -54.000000
146 70.000000
147 -40.000000
148 -38.000000
149 18.000000
150 36.000000
151 -46.000000
152 16.000000
153 34.000000
154 -58.000000
155 -20.000000
156 -32.000000
157 0.000000
158 26.000000
159 -20.000000
160 6.000000
161 -2.000000
162 -32.000000
163 -24.000000
164 48.000000
165 4.000000
166 -26.000000
167 18.000000
168 -10.000000
169 -42.000000
170 -44.000000
171 32.000000
172 -30.000000
173 20.000000
174 8.000000
175 -32.000000
176 34.000000
177 12.000000
178 38.000000
179 -6.000000
180 -28.000000
181 -32.000000
182 2.000000
183 28.000000
184 36.000000
185 2.000000
186 28.000000
187 20.000000
188 -4.000000
189 40.000000
190 -12.000000
191 26.000000
192 56.000000
193 26.000000
194 4.000000
195 -14.000000
196 28.000000
197 -14.000000
198 -56.000000
199 24.000000
200 -14.000000
201 38.000000
202 24.000000
203 -30.000000
204 54.000000
205 -58.000000
206 -74.000000
207 -18.000000
208 36.000000
209 -18.000000
210 -2.000000
211 16.000000
212 -52.000000
213 36.000000
214 12.000000
215 -28.000000
216 -8.000000
217 6.000000
218 2.000000
219 40.000000
220 16.000000
221 22.000000
222 -10.000000
223 -12.000000
224 -8.000000
225 -2.000000
226 -12.000000
227 -6.000000
228 -8.000000
229 -22.000000
230 8.000000
231 -42.000000
232 -36.000000
233 -12.000000
234 -28.000000
235 60.000000
236 48.000000
237 64.000000
238 -24.000000
239 4.000000
240 16.000000
241 -44.000000
242 -4.000000
243 2.000000
244 24.000000
245 32.000000
246 10.000000
247 36.000000
248 -2.000000
249 -8.000000
250 10.000000
251 46.000000
252 10.000000
253 34.000000
254 -16.000000
255 -58.000000
256 -36.000000
257 36.000000
258 -22.000000
259 16.000000
260 16.000000
261 -30.000000
262 -8.000000
263 -30.000000
264 0.000000
265 -38.000000
266 6.000000
267 -6.000000
268 58.000000
269 74.000000
270 -24.000000
271 16.000000
272 -8.000000
273 24.000000
274 30.000000
275 26.000000
276 26.000000
277 -12.000000
278 -16.000000
279 -14.000000
280 36.000000
281 -18.000000
282 -52.000000
283 36.000000
284 42.000000
285 8.000000
286 -16.000000
287 -10.000000
288 28.000000
289 -16.000000
290 -50.000000
291 28.000000
292 20.000000
293 10.000000
294 -12.000000
295 -34.000000
296 2.000000
297 -2.000000
298 -26.000000
299 10.000000
300 24.000000
301 28.000000
302 -8.000000
303 10.000000
304 -22.000000
305 -10.000000
306 -18.000000
307 44.000000
308 84.000000
309 36.000000
310 28.000000
311 12.000000
312 -56.000000
313 -72.000000
314 -8.000000
315 -42.000000
316 -4.000000
317 34.000000
318 -70.000000
319 -30.000000
320 24.000000
321 -30.000000
322 -74.000000
323 -52.000000
324 8.000000
325 6.000000
326 -28.000000
327 -42.000000
328 6.000000
329 34.000000
330 -6.000000
331 0.000000
332 8.000000
333 -2.000000
334 -6.000000
335 0.000000
336 -6.000000
337 2.000000
338 -88.000000
339 -30.000000
340 44.000000
341 28.000000
342 18.000000
343 8.000000
344 0.000000
345 0.000000
346 -26.000000
347 -12.000000
348 34.000000
349 -2.000000
350 -28.000000
351 -14.000000
352 -6.000000
353 4.000000
354 -22.000000
355 -22.000000
356 36.000000
357 18.000000
358 -6.000000
359 30.000000
360 34.000000
361 24.000000
362 -40.000000
363 6.000000
364 2.000000
365 14.000000
366 -8.000000
367 24.000000
368 2.000000
369 2.000000
370 -2.000000
371 46.000000
372 -40.000000
373 36.000000
374 50.000000
375 -4.000000
376 16.000000
377 -16.000000
378 -24.000000
379 -10.000000
380 -2.000000
381 0.000000
382 34.000000
383 -2.000000
384 -18.000000
385 -16.000000
386 10.000000
387 6.000000
388 14.000000
389 -4.000000
390 20.000000
391 -26.000000
392 60.000000
393 -14.000000
394 -10.000000
395 -8.000000
396 24.000000
397 -22.000000
398 -22.000000
399 20.000000
400 -34.000000
401 8.000000
402 28.000000
403 90.000000
404 0.000000
405 44.000000
406 38.000000
407 4.000000
408 18.000000
409 2.000000
410 -28.000000
411 -2.000000
412 38.000000
413 -36.000000
414 -56.000000
415 22.000000
416 2.000000
417 -4.000000
418 -44.000000
419 14.000000
420 82.000000
421 38.000000
422 18.000000
423 -14.000000
424 -18.000000
425 28.000000
426 -22.000000
427 -6.000000
428 -34.000000
429 -24.000000
430 52.000000
431 8.000000
432 38.000000
433 -24.000000
434 6.000000
435 -2.000000
436 -24.000000
437 8.000000
438 -76.000000
439 46.000000
440 30.000000
441 54.000000
442 6.000000
443 -16.000000
444 54.000000
445 6.000000
446 -32.000000
447 66.000000
448 -2.000000
449 10.000000
450 26.000000
451 10.000000
452 -44.000000
453 16.000000
454 4.000000
455 2.000000
456 4.000000
457 -76.000000
458 10.000000
459 74.000000
460 -4.000000
461 -88.000000
462 -44.000000
463 -44.000000
464 20.000000
465 -14.000000
466 -14.000000
467 14.000000
468 -20.000000
469 -10.000000
470 -22.000000
471 -4.000000
472 -14.000000
473 -18.000000
474 38.000000
475 -4.000000
476 -34.000000
477 -2.000000
478 -50.000000
479 34.000000
480 26.000000
481 20.000000
482 -50.000000
483 -4.000000
484 -24.000000
485 -16.000000
486 -80.000000
487 46.000000
488 42.000000
489 -18.000000
490 56.000000
491 42.000000
492 46.000000
493 8.000000
494 32.000000
495 22.000000
496 -6.000000
497 -6.000000
498 38.000000
499 22.000000
500 -8.000000
501 -32.000000
502 28.000000
503 -22.000000
504 -40.000000
505 26.000000
506 48.000000
507 -28.000000
508 -38.000000
509 -2.000000
510 50.000000
511 2.000000
512 50.000000
513 -8.000000
514 2.000000
515 6.000000
516 24.000000
517 -2.000000
518 -46.000000
519 64.000000
520 -10.000000
521 -12.000000
522 46.000000
523 2.000000
524 -2.000000
525 -8.000000
526 -2.000000
527 -10.000000
528 10.000000
529 26.000000
530 18.000000
531 14.000000
532 -38.000000
533 14.000000
534 12.000000
535 2.000000
536 28.000000
537 2.000000
538 10.000000
539 20.000000
540 4.000000
541 52.000000
542 22.000000
543 -42.000000
544 12.000000
545 22.000000
546 -58.000000
547 24.000000
548 20.000000
549 18.000000
550 -44.000000
551 -34.000000
552 32.000000
553 -34.000000
554 10.000000
555 -10.000000
556 74.000000
557 14.000000
558 -18.000000
559 16.000000
560 -50.000000
561 -2.000000
562 26.000000
563 -38.000000
564 -2.000000
565 6.000000
566 38.000000
567 -76.000000
568 46.000000
569 6.000000
570 14.000000
571 -14.000000
572 -56.000000
573 -14.000000
574 -40.000000
575 -24.000000
576 -40.000000
577 -2.000000
578 22.000000
579 -54.000000
580 10.000000
581 26.000000
582 -80.000000
583 30.000000
584 0.000000
585 -12.000000
586 36.000000
587 -36.000000
588 12.000000
589 8.000000
590 4.000000
591 12.000000
592 -10.000000
593 22.000000
594 2.000000
595 -42.000000
596 -12.000000
597 42.000000
598 10.000000
599 78.000000
600 -4.000000
601 46.000000
602 8.000000
603 4.000000
604 42.000000
605 -2.000000
606 62.000000
607 46.000000
608 -58.000000
609 2.000000
610 -74.000000
611 -2.000000
612 34.000000
613 38.000000
614 24.000000
615 -60.000000
616 -8.000000
617 10.000000
618 -38.000000
619 -6.000000
620 44.000000
621 28.000000
622 18.000000
623 16.000000
624 10.000000
625 28.000000
626 -26.000000
627 2.000000
628 30.000000
629 -54.000000
630 16.000000
631 12.000000
632 6.000000
633 18.000000
634 36.000000
635 -48.000000
636 -8.000000
637 46.000000
638 24.000000
639 -18.000000
640 50.000000
641 36.000000
642 0.000000
643 24.000000
644 18.000000
645 50.000000
646 -4.000000
647 12.000000
648 14.000000
649 2.000000
650 12.000000
651 -50.000000
652 -34.000000
653 -12.000000
654 24.000000
655 -2.000000
656 -50.000000
657 -24.000000
658 -66.000000
659 -40.000000
660 -40.000000
661 4.000000
662 -36.000000
663 8.000000
664 -18.000000
665 -4.000000
666 -14.000000
667 24.000000
668 -58.000000
669 28.000000
670 78.000000
671 34.000000
672 -58.000000
673 -6.000000
674 10.000000
675 16.000000
676 -24.000000
677 -2.000000
678 12.000000
679 -68.000000
680 68.000000
681 -20.000000
682 28.000000
683 12.000000
684 -48.000000
685 16.000000
686 -2.000000
687 -10.000000
688 -24.000000
689 16.000000
690 42.000000
691 -30.000000
692 -26.000000
693 -66.000000
694 16.000000
695 2.000000
696 -18.000000
697 24.000000
698 -2.000000
699 44.000000
700 -58.000000
701 18.000000
702 -10.000000
703 4.000000
704 -34.000000
705 66.000000
706 16.000000
707 12.000000
708 -66.000000
709 34.000000
710 46.000000
711 20.000000
712 38.000000
713 -22.000000
714 18.000000
715 18.000000
716 8.000000
717 28.000000
718 -44.000000
719 20.000000
720 2.000000
721 8.000000
722 -40.000000
723 6.000000
724 -12.000000
725 -26.000000
726 44.000000
727 24.000000
728 -58.000000
729 -20.000000
730 46.000000
731 12.000000
732 -42.000000
733 -6.000000
734 -36.000000
735 -6.000000
736 -24.000000
737 -24.000000
738 -28.000000
739 4.000000
740 -18.000000
741 2.000000
742 38.000000
743 80.000000
744 -12.000000
745 -44.000000
746 0.000000
747 16.000000
748 18.000000
749 -74.000000
750 -10.000000
751 40.000000
752 12.000000
753 0.000000
754 28.000000
755 54.000000
756 -2.000000
757 -12.000000
758 -16.000000
759 -20.000000
760 24.000000
761 -12.000000
762 4.000000
763 4.000000
764 -52.000000
765 -4.000000
766 -6.000000
767 38.000000
768 -20.000000
769 -4.000000
770 14.000000
771 -52.000000
772 -20.000000
773 30.000000
774 -40.000000
775 -4.000000
776 -4.000000
777 40.000000
778 12.000000
779 54.000000
780 8.000000
781 -84.000000
782 16.000000
783 -12.000000
784 18.000000
785 48.000000
786 34.000000
787 -8.000000
788 -8.000000
789 -4.000000
790 -14.000000
791 -16.000000
792 32.000000
793 42.000000
794 -28.000000
795 30.000000
796 30.000000
797 -20.000000
798 42.000000
799 4.000000
800 -36.000000
801 18.000000
802 -18.000000
803 -6.000000
804 -62.000000
805 -20.000000
806 -46.000000
807 -42.000000
808 6.000000
809 -8.000000
810 -36.000000
811 50.000000
812 4.000000
813 -52.000000
814 -26.000000
815 22.000000
816 14.000000
817 -24.000000
818 30.000000
819 -36.000000
820 8.000000
821 -18.000000
822 16.000000
823 -26.000000
824 -34.000000
825 -34.000000
826 26.000000
827 44.000000
828 -10.000000
829 -22.000000
830 0.000000
831 -20.000000
832 -14.000000
833 -70.000000
834 4.000000
835 0.000000
836 -26.000000
837 8.000000
838 -42.000000
839 -16.000000
840 26.000000
841 26.000000
842 2.000000
843 0.000000
844 0.000000
845 48.000000
846 16.000000
847 -4.000000
848 80.000000
849 -66.000000
850 -8.000000
851 4.000000
852 28.000000
853 12.000000
854 -28.000000
855 2.000000
856 8.000000
857 16.000000
858 40.000000
859 24.000000
860 14.000000
861 -30.000000
862 30.000000
863 2.000000
864 -18.000000
865 14.000000
866 36.000000
867 -24.000000
868 16.000000
869 -52.000000
870 46.000000
871 10.000000
872 -26.000000
873 -28.000000
874 4.000000
875 -32.000000
876 -32.000000
877 6.000000
878 2.000000
879 -20.000000
880 36.000000
881 30.000000
882 14.000000
883 -4.000000
884 4.000000
885 -8.000000
886 40.000000
887 -14.000000
888 -30.000000
889 10.000000
890 18.000000
891 -14.000000
892 -6.000000
893 0.000000
894 -30.000000
895 -68.000000
896 -36.000000
897 -28.000000
898 66.000000
899 -4.000000
900 -8.000000
901 36.000000
902 -54.000000
903 -8.000000
904 4.000000
905 -6.000000
906 10.000000
907 32.000000
908 -20.000000
909 -16.000000
910 10.000000
911 -30.000000
912 28.000000
913 34.000000
914 -40.000000
915 2.000000
916 30.000000
917 -28.000000
918 10.000000
919 -30.000000
920 -44.000000
921 14.000000
922 -22.000000
923 30.000000
924 -8.000000
925 8.000000
926 24.000000
927 2.000000
928 -2.000000
929 -8.000000
930 -40.000000
931 42.000000
932 -14.000000
933 -40.000000
934 -70.000000
935 40.000000
936 12.000000
937 8.000000
938 82.000000
939 42.000000
940 44.000000
941 30.000000
942 22.000000
943 6.000000
944 -20.000000
945 28.000000
946 -12.000000
947 -40.000000
948 20.000000
949 -18.000000
950 -2.000000
951 14.000000
952 -18.000000
953 44.000000
954 -26.000000
955 24.000000
956 4.000000
957 38.000000
958 -14.000000
959 -28.000000
960 -2.000000
961 -32.000000
962 -18.000000
963 22.000000
964 -14.000000
965 -24.000000
966 -14.000000
967 -12.000000
968 -10.000000
969 30.000000
970 66.000000
971 -12.000000
972 -6.000000
973 4.000000
974 -8.000000
975 42.000000
976 -20.000000
977 52.000000
978 6.000000
979 -24.000000
980 6.000000
981 -28.000000
982 14.000000
983 -24.000000
984 -16.000000
985 -38.000000
986 28.000000
987 -40.000000
988 38.000000
989 -18.000000
990 60.000000
991 -22.000000
992 -26.000000
993 -6.000000
994 14.000000
995 6.000000
996 28.000000
997 20.000000
998 14.000000
999 4.000000
