50.000000
49.900450
49.801795
49.704028
49.607137
49.511116
49.415955
49.321645
49.228179
49.135547
49.043741
48.952754
48.862577
48.773201
48.684619
48.596823
48.509804
48.423556
48.338071
48.253340
48.169357
48.086113
48.003602
47.921816
47.840748
47.760390
47.680736
47.601779
47.523511
47.445926
47.369017
47.292777
47.217199
47.142277
47.068004
46.994374
46.921380
46.849017
46.777276
46.706154
46.635642
46.565736
46.496428
46.427714
46.359587
46.292041
46.225071
46.158670
46.092833
46.027555
45.962829
45.898651
45.835015
45.771914
45.709345
45.647302
45.585779
45.524771
45.464273
45.404281
45.344788
45.285790
45.227282
45.169259
45.111717
45.054649
44.998053
44.941922
44.886253
44.831041
44.776280
44.721967
44.668098
44.614667
44.561670
44.509103
44.456962
44.405243
44.353940
44.303051
44.252570
44.202495
44.152820
44.103542
44.054656
44.006160
43.958048
43.910317
43.862964
43.815985
43.769375
43.723131
43.677250
43.631727
43.586560
43.541744
43.497277
43.453154
43.409373
43.365929
43.322820
43.280041
43.237591
43.195465
43.153660
43.112174
43.071002
43.030142
42.989591
42.949345
42.909401
42.869757
42.830410
42.791356
42.752592
42.714116
42.675925
42.638016
42.600386
42.563032
42.525951
42.489142
42.452600
42.416324
42.380311
42.344558
42.309063
42.273822
42.238834
42.204095
42.169604
42.135358
42.101355
42.067591
42.034065
42.000775
41.967717
41.934890
41.902291
41.869918
41.837769
41.805841
41.774133
41.742641
41.711365
41.680301
41.649448
41.618804
41.588366
41.558132
41.528101
41.498270
41.468637
41.439201
41.409959
41.380909
41.352050
41.323379
41.294896
41.266597
41.238481
41.210546
41.182791
41.155213
41.127810
41.100582
41.073527
41.046641
41.019925
40.993376
40.966992
40.940772
40.914714
40.888817
40.863079
40.837498
40.812073
40.786802
40.761684
40.736718
40.711900
40.687231
40.662709
40.638332
40.614099
40.590008
40.566058
40.542247
40.518575
40.495039
40.471638
40.448372
40.425238
40.402236
40.379364
40.356620
40.334004
40.311514
40.289149
40.266907
40.244788
40.222790
40.200912
40.179153
40.157512
40.135986
40.114577
40.093281
40.072098
40.051027
40.030067
40.009216
39.988474
39.967839
39.947311
39.926888
39.906569
39.886353
39.866240
39.846227
39.826315
39.806502
39.786787
39.767169
39.747647
39.728221
39.708889
39.689650
39.670503
39.651448
39.632484
39.613609
39.594823
39.576124
39.557513
39.538988
39.520548
39.502193
39.483921
39.465732
39.447624
39.429598
39.411652
39.393786
39.375998
39.358288
39.340655
39.323098
39.305617
39.288211
39.270879
39.253620
39.236434
39.219320
39.202276
39.185304
39.168401
39.151567
39.134801
39.118103
39.101472
39.084907
39.068408
39.051974
39.035604
39.019298
39.003055
38.986875
38.970756
38.954698
38.938701
38.922764
38.906887
38.891068
38.875307
38.859604
38.843958
38.828369
38.812835
38.797357
38.781933
38.766564
38.751248
38.735986
38.720776
38.705618
38.690512
38.675457
38.660452
38.645498
38.630593
38.615737
38.600929
38.586170
38.571458
38.556794
38.542176
38.527604
38.513078
38.498597
38.484161
38.469770
38.455422
38.441118
38.426857
38.412638
38.398462
38.384327
38.370234
38.356181
38.342170
38.328198
38.314266
38.300373
38.286519
38.272704
38.258927
38.245188
38.231486
38.217821
38.204193
38.190601
38.177045
38.163525
38.150039
38.136589
38.123173
38.109791
38.096443
38.083129
38.069848
38.056599
38.043383
38.030199
38.017047
38.003927
37.990838
37.977779
37.964751
37.951754
37.938786
37.925849
37.912940
37.900061
37.887210
37.874388
37.861594
37.848828
37.836090
37.823379
37.810695
37.798038
37.785408
37.772804
37.760226
37.747673
37.735147
37.722645
37.710169
37.697717
37.685290
37.672887
37.660508
37.648153
37.635822
37.623513
37.611228
37.598966
37.586726
37.574509
37.562314
37.550141
37.537989
37.525860
37.513751
37.501663
37.489597
37.477551
37.465525
37.453520
37.441535
37.429569
37.417624
37.405698
37.393791
37.381903
37.370034
37.358183
37.346351
37.334538
37.322743
37.310965
37.299206
37.287463
37.275739
37.264031
37.252341
37.240668
37.229011
37.217371
37.205747
37.194140
37.182548
37.170973
37.159413
37.147869
37.136340
37.124827
37.113329
37.101845
37.090377
37.078923
37.067484
37.056059
37.044648
37.033252
37.021869
37.010501
36.999146
36.987804
36.976476
36.965161
36.953860
36.942571
36.931296
36.920033
36.908782
36.897544
36.886319
36.875106
36.863905
36.852716
36.841539
36.830373
36.819219
36.808077
36.796946
36.785827
36.774719
36.763622
36.752535
36.741460
36.730395
36.719341
36.708298
36.697265
36.686242
36.675230
36.664228
36.653235
36.642253
36.631281
36.620318
36.609365
36.598421
36.587487
36.576562
36.565646
36.554740
36.543842
36.532954
36.522074
36.511204
36.500342
36.489488
36.478643
36.467807
36.456979
36.446159
36.435347
36.424544
36.413748
36.402961
36.392181
36.381410
36.370645
36.359889
36.349140
36.338399
36.327665
36.316938
36.306219
36.295507
36.284801
36.274103
36.263412
36.252728
36.242051
36.231381
36.220717
36.210060
36.199409
36.188765
36.178127
36.167496
36.156871
36.146252
36.135640
36.125033
36.114433
36.103839
36.093250
36.082668
36.072091
36.061520
36.050955
36.040395
36.029841
36.019293
36.008750
35.998213
35.987681
35.977154
35.966632
35.956116
35.945605
35.935099
35.924598
35.914102
35.903611
35.893125
35.882643
35.872167
35.861695
35.851228
35.840766
35.830308
35.819855
35.809407
35.798963
35.788523
35.778088
35.767657
35.757230
35.746808
35.736390
35.725976
35.715566
35.705161
35.694759
35.684361
35.673968
35.663578
35.653192
35.642810
35.632432
35.622058
35.611687
35.601321
35.590957
35.580598
35.570242
35.559889
35.549540
35.539195
35.528853
35.518515
35.508179
35.497848
35.487519
35.477194
35.466872
35.456553
35.446238
35.435925
35.425616
35.415310
35.405007
35.394707
35.384410
35.374116
35.363824
35.353536
35.343251
35.332968
35.322689
35.312412
35.302138
35.291866
35.281598
35.271332
35.261068
35.250808
35.240550
35.230294
35.220041
35.209791
35.199543
35.189297
35.179054
35.168814
35.158576
35.148340
35.138107
35.127876
35.117647
35.107420
35.097196
35.086974
35.076754
35.066537
35.056321
35.046108
35.035897
35.025688
35.015481
35.005277
34.995074
34.984873
34.974674
34.964478
34.954283
34.944090
34.933899
34.923710
34.913523
34.903338
34.893154
34.882973
34.872793
34.862615
34.852439
34.842265
34.832092
34.821921
34.811752
34.801584
34.791418
34.781254
34.771092
34.760931
34.750772
34.740614
34.730458
34.720303
34.710150
34.699999
34.689849
34.679700
34.669553
34.659408
34.649263
34.639121
34.628980
34.618840
34.608701
34.598564
34.588429
34.578294
34.568162
34.558030
34.547900
34.537771
34.527643
34.517516
34.507391
34.497267
34.487145
34.477023
34.466903
34.456784
34.446666
34.436550
34.426434
34.416320
34.406207
34.396094
34.385983
34.375874
34.365765
34.355657
34.345551
34.335445
34.325341
34.315237
34.305135
34.295034
34.284933
34.274834
34.264736
34.254638
34.244542
34.234446
34.224352
34.214258
34.204166
34.194074
34.183983
34.173894
34.163805
34.153717
34.143629
34.133543
34.123458
34.113373
34.103289
34.093207
34.083124
34.073043
34.062963
34.052883
34.042804
34.032726
34.022649
34.012573
34.002497
33.992422
33.982348
33.972274
33.962201
33.952129
33.942058
33.931988
33.921918
33.911848
33.901780
33.891712
33.881645
33.871579
33.861513
33.851448
33.841383
33.831319
33.821256
33.811194
33.801132
33.791070
33.781010
33.770950
33.760890
33.750831
33.740773
33.730715
33.720658
33.710601
33.700545
33.690490
33.680435
33.670381
33.660327
33.650274
33.640221
33.630169
33.620117
33.610066
33.600015
33.589965
33.579915
33.569866
33.559818
33.549769
33.539722
33.529674
33.519628
33.509581
33.499536
33.489490
33.479445
33.469401
33.459357
33.449313
33.439270
33.429228
33.419185
33.409143
33.399102
33.389061
33.379020
33.368980
33.358940
33.348901
33.338862
33.328823
33.318785
33.308747
33.298710
33.288673
33.278636
33.268600
33.258564
33.248528
33.238493
33.228458
33.218423
33.208389
33.198355
33.188321
33.178288
33.168255
33.158223
33.148191
33.138159
33.128127
33.118096
33.108065
33.098034
33.088004
33.077974
33.067944
33.057915
33.047886
33.037857
33.027828
33.017800
33.007772
32.997744
32.987717
32.977689
32.967663
32.957636
32.947610
32.937583
32.927558
32.917532
32.907507
32.897482
32.887457
32.877432
32.867408
32.857384
32.847360
32.837336
32.827313
32.817290
32.807267
32.797244
32.787222
32.777200
32.767178
32.757156
32.747134
32.737113
32.727092
32.717071
32.707050
32.697030
32.687010
32.676989
32.666970
32.656950
32.646930
32.636911
32.626892
32.616873
32.606854
32.596836
32.586817
32.576799
32.566781
32.556763
32.546746
32.536728
32.526711
32.516694
32.506677
32.496660
32.486644
32.476627
32.466611
32.456595
32.446579
32.436563
32.426547
32.416532
32.406517
32.396501
32.386486
32.376472
32.366457
32.356442
32.346428
32.336414
32.326399
32.316385
32.306372
32.296358
32.286344
32.276331
32.266318
32.256304
32.246291
32.236278
32.226266
32.216253
32.206240
32.196228
32.186216
32.176204
32.166192
32.156180
32.146168
32.136156
32.126145
32.116133
32.106122
32.096111
32.086100
32.076089
32.066078
32.056067
32.046056
32.036046
32.026035
32.016025
32.006015
31.996004
31.985994
31.975984
31.965975
31.955965
31.945955
31.935946
31.925936
31.915927
31.905918
31.895908
31.885899
31.875890
31.865881
31.855873
31.845864
31.835855
31.825847
31.815838
31.805830
31.795822
31.785813
31.775805
31.765797
31.755789
31.745781
31.735773
31.725766
31.715758
31.705750
31.695743
31.685736
31.675728
31.665721
31.655714
31.645707
31.635699
31.625692
31.615686
31.605679
31.595672
31.585665
31.575659
31.565652
31.555645
31.545639
31.535633
31.525626
31.515620
31.505614
31.495608
31.485602
31.475596
31.465590
31.455584
31.445578
31.435572
31.425566
31.415561
31.405555
31.395550
31.385544
31.375539
31.365533
31.355528
31.345523
31.335517
31.325512
31.315507
31.305502
31.295497
31.285492
31.275487
31.265482
31.255477
31.245473
31.235468
31.225463
31.215459
31.205454
31.195450
31.185445
31.175441
31.165436
31.155432
31.145427
31.135423
31.125419
31.115415
31.105411
31.095407
31.085402
31.075398
31.065394
31.055391
