0.000000
2.303580
2.295540
2.287518
2.279511
2.271521
2.263548
2.255591
2.247651
2.239727
2.231821
2.223932
2.216060
2.208205
2.200368
2.192547
2.184745
2.176960
2.169193
2.161444
2.153712
2.145999
2.138304
2.130627
2.122968
2.115328
2.107706
2.100103
2.092518
2.084953
2.077406
2.069878
2.062369
2.054880
2.047410
2.039959
2.032527
2.025115
2.017723
2.010351
2.002998
1.995665
1.988353
1.981060
1.973788
1.966535
1.959304
1.952092
1.944902
1.937732
1.930582
1.923454
1.916346
1.909260
1.902195
1.895150
1.888127
1.881126
1.874145
1.867187
1.860249
1.853334
1.846440
1.839569
1.832719
1.825891
1.819085
1.812301
1.805540
1.798801
1.792084
1.785390
1.778718
1.772069
1.765443
1.758839
1.752258
1.745701
1.739166
1.732654
1.726165
1.719700
1.713257
1.706838
1.700443
1.694071
1.687722
1.681397
1.675095
1.668818
1.662564
1.656334
1.650127
1.643945
1.637787
1.631652
1.625542
1.619456
1.613394
1.607356
1.601343
1.595354
1.589389
1.583449
1.577533
1.571642
1.565775
1.559933
1.554115
1.548322
1.542554
1.536811
1.531093
1.525399
1.519730
1.514086
1.508467
1.502873
1.497304
1.491760
1.486241
1.480747
1.475278
1.469834
1.464415
1.459021
1.453653
1.448310
1.442992
1.437699
1.432431
1.427189
1.421972
1.416780
1.411613
1.406472
1.401356
1.396265
1.391199
1.386159
1.381144
1.376154
1.371190
1.366251
1.361337
1.356448
1.351585
1.346747
1.341934
1.337146
1.332384
1.327647
1.322935
1.318248
1.313586
1.308950
1.304338
1.299752
1.295191
1.290655
1.286144
1.281657
1.277196
1.272760
1.268349
1.263962
1.259601
1.255264
1.250952
1.246665
1.242402
1.238165
1.233951
1.229763
1.225599
1.221459
1.217344
1.213254
1.209188
1.205146
1.201128
1.197135
1.193166
1.189221
1.185300
1.181403
1.177530
1.173681
1.169856
1.166054
1.162277
1.158523
1.154793
1.151086
1.147403
1.143743
1.140106
1.136493
1.132904
1.129337
1.125793
1.122273
1.118775
1.115301
1.111849
1.108420
1.105014
1.101630
1.098269
1.094930
1.091614
1.088320
1.085048
1.081799
1.078571
1.075366
1.072182
1.069020
1.065880
1.062762
1.059665
1.056590
1.053536
1.050504
1.047493
1.044503
1.041534
1.038586
1.035659
1.032753
1.029867
1.027002
1.024158
1.021334
1.018531
1.015748
1.012985
1.010242
1.007519
1.004817
1.002134
0.999470
0.996827
0.994203
0.991598
0.989013
0.986447
0.983900
0.981372
0.978863
0.976373
0.973902
0.971450
0.969016
0.966601
0.964204
0.961825
0.959465
0.957123
0.954798
0.952492
0.950204
0.947933
0.945680
0.943444
0.941226
0.939025
0.936842
0.934675
0.932526
0.930393
0.928278
0.926179
0.924097
0.922031
0.919982
0.917949
0.915933
0.913932
0.911948
0.909980
0.908027
0.906090
0.904169
0.902264
0.900374
0.898499
0.896640
0.894796
0.892967
0.891153
0.889354
0.887570
0.885800
0.884045
0.882305
0.880579
0.878867
0.877170
0.875486
0.873817
0.872162
0.870520
0.868893
0.867279
0.865678
0.864091
0.862518
0.860958
0.859411
0.857877
0.856356
0.854848
0.853353
0.851870
0.850401
0.848944
0.847499
0.846067
0.844647
0.843239
0.841844
0.840460
0.839089
0.837729
0.836381
0.835045
0.833720
0.832407
0.831105
0.829815
0.828536
0.827268
0.826011
0.824766
0.823531
0.822307
0.821094
0.819891
0.818700
0.817518
0.816347
0.815187
0.814037
0.812896
0.811767
0.810647
0.809537
0.808437
0.807347
0.806266
0.805195
0.804134
0.803082
0.802040
0.801007
0.799984
0.798969
0.797964
0.796968
0.795980
0.795002
0.794033
0.793072
0.792120
0.791177
0.790242
0.789315
0.788398
0.787488
0.786587
0.785694
0.784809
0.783932
0.783063
0.782202
0.781350
0.780504
0.779667
0.778837
0.778015
0.777201
0.776394
0.775594
0.774802
0.774017
0.773239
0.772469
0.771706
0.770949
0.770200
0.769458
0.768722
0.767994
0.767272
0.766557
0.765848
0.765146
0.764451
0.763762
0.763080
0.762403
0.761734
0.761070
0.760413
0.759762
0.759117
0.758478
0.757845
0.757218
0.756596
0.755981
0.755371
0.754768
0.754169
0.753577
0.752990
0.752409
0.751833
0.751262
0.750697
0.750137
0.749583
0.749034
0.748490
0.747951
0.747417
0.746888
0.746364
0.745846
0.745332
0.744823
0.744319
0.743820
0.743325
0.742835
0.742350
0.741870
0.741394
0.740922
0.740455
0.739993
0.739535
0.739081
0.738632
0.738187
0.737746
0.737309
0.736877
0.736449
0.736025
0.735605
0.735189
0.734777
0.734368
0.733964
0.733564
0.733168
0.732775
0.732386
0.732001
0.731620
0.731242
0.730868
0.730497
0.730130
0.729767
0.729407
0.729051
0.728698
0.728348
0.728002
0.727659
0.727320
0.726984
0.726651
0.726321
0.725994
0.725671
0.725351
0.725033
0.724719
0.724408
0.724100
0.723795
0.723493
0.723194
0.722898
0.722604
0.722314
0.722026
0.721741
0.721459
0.721180
0.720903
0.720629
0.720358
0.720089
0.719823
0.719560
0.719299
0.719041
0.718785
0.718532
0.718281
0.718032
0.717786
0.717543
0.717302
0.717063
0.716826
0.716592
0.716360
0.716131
0.715903
0.715678
0.715455
0.715234
0.715016
0.714799
0.714585
0.714373
0.714163
0.713954
0.713748
0.713544
0.713342
0.713142
0.712944
0.712748
0.712554
0.712361
0.712171
0.711982
0.711796
0.711611
0.711428
0.711246
0.711067
0.710889
0.710713
0.710539
0.710366
0.710195
0.710026
0.709859
0.709693
0.709529
0.709366
0.709205
0.709046
0.708888
0.708732
0.708577
0.708424
0.708272
0.708122
0.707973
0.707826
0.707680
0.707536
0.707393
0.707251
0.707111
0.706972
0.706835
0.706699
0.706564
0.706431
0.706299
0.706168
0.706038
0.705910
0.705783
0.705658
0.705533
0.705410
0.705288
0.705167
0.705048
0.704929
0.704812
0.704696
0.704581
0.704467
0.704355
0.704243
0.704133
0.704024
0.703915
0.703808
0.703702
0.703597
0.703493
0.703390
0.703288
0.703187
0.703087
0.702988
0.702890
0.702793
0.702697
0.702602
0.702508
0.702414
0.702322
0.702231
0.702140
0.702051
0.701962
0.701874
0.701787
0.701701
0.701616
0.701531
0.701448
0.701365
0.701283
0.701202
0.701122
0.701042
0.700964
0.700886
0.700809
0.700732
0.700657
0.700582
0.700508
0.700434
0.700362
0.700290
0.700219
0.700148
0.700078
0.700009
0.699941
0.699873
0.699806
0.699739
0.699674
0.699609
0.699544
0.699480
0.699417
0.699355
0.699293
0.699231
0.699171
0.699111
0.699051
0.698992
0.698934
0.698876
0.698819
0.698762
0.698706
0.698651
0.698596
0.698542
0.698488
0.698434
0.698382
0.698329
0.698278
0.698226
0.698176
0.698126
0.698076
0.698027
0.697978
0.697930
0.697882
0.697835
0.697788
0.697742
0.697696
0.697650
0.697605
0.697561
0.697517
0.697473
0.697430
0.697387
0.697345
0.697303
0.697261
0.697220
0.697180
0.697139
0.697100
0.697060
0.697021
0.696982
0.696944
0.696906
0.696869
0.696831
0.696795
0.696758
0.696722
0.696686
0.696651
0.696616
0.696581
0.696547
0.696513
0.696479
0.696446
0.696413
0.696381
0.696348
0.696316
0.696285
0.696253
0.696222
0.696192
0.696161
0.696131
0.696101
0.696072
0.696042
0.696014
0.695985
0.695957
0.695928
0.695901
0.695873
0.695846
0.695819
0.695792
0.695766
0.695740
0.695714
0.695688
0.695663
0.695638
0.695613
0.695588
0.695564
0.695539
0.695516
0.695492
0.695468
0.695445
0.695422
0.695400
0.695377
0.695355
0.695333
0.695311
0.695289
0.695268
0.695247
0.695226
0.695205
0.695184
0.695164
0.695144
0.695124
0.695104
0.695084
0.695065
0.695046
0.695027
0.695008
0.694990
0.694971
0.694953
0.694935
0.694917
0.694899
0.694882
0.694864
0.694847
0.694830
0.694813
0.694797
0.694780
0.694764
0.694748
0.694732
0.694716
0.694700
0.694685
0.694669
0.694654
0.694639
0.694624
0.694609
0.694595
0.694580
0.694566
0.694552
0.694538
0.694524
0.694510
0.694496
0.694483
0.694470
0.694456
0.694443
0.694430
0.694417
0.694405
0.694392
0.694380
0.694367
0.694355
0.694343
0.694331
0.694319
0.694308
0.694296
0.694285
0.694273
0.694262
0.694251
0.694240
0.694229
0.694218
0.694207
0.694197
0.694186
0.694176
0.694165
0.694155
0.694145
0.694135
0.694125
0.694116
0.694106
0.694096
0.694087
0.694077
0.694068
0.694059
0.694050
0.694041
0.694032
0.694023
0.694014
0.694006
0.693997
0.693988
0.693980
0.693972
0.693963
0.693955
0.693947
0.693939
0.693931
0.693923
0.693916
0.693908
0.693900
0.693893
0.693885
0.693878
0.693871
0.693863
0.693856
0.693849
0.693842
0.693835
0.693828
0.693822
0.693815
0.693808
0.693801
0.693795
0.693788
0.693782
0.693776
0.693769
0.693763
0.693757
0.693751
0.693745
0.693739
0.693733
0.693727
0.693721
0.693716
0.693710
0.693704
0.693699
0.693693
0.693688
0.693682
0.693677
0.693672
0.693666
0.693661
0.693656
0.693651
0.693646
0.693641
0.693636
0.693631
0.693626
0.693621
0.693617
0.693612
0.693607
0.693603
0.693598
0.693594
0.693589
0.693585
0.693580
0.693576
0.693572
0.693568
0.693563
0.693559
0.693555
0.693551
0.693547
0.693543
0.693539
0.693535
0.693531
0.693527
0.693524
0.693520
0.693516
0.693512
0.693509
0.693505
0.693502
0.693498
0.693494
0.693491
0.693488
0.693484
0.693481
0.693477
0.693474
0.693471
0.693468
0.693464
0.693461
0.693458
0.693455
0.693452
0.693449
0.693446
0.693443
0.693440
0.693437
0.693434
0.693431
0.693428
0.693426
0.693423
0.693420
0.693417
0.693415
0.693412
0.693409
0.693407
0.693404
0.693401
0.693399
0.693396
0.693394
0.693391
0.693389
0.693387
0.693384
0.693382
0.693379
0.693377
0.693375
0.693373
0.693370
0.693368
0.693366
0.693364
0.693361
0.693359
0.693357
0.693355
0.693353
0.693351
0.693349
0.693347
0.693345
0.693343
0.693341
0.693339
0.693337
0.693335
0.693333
0.693331
0.693330
0.693328
0.693326
0.693324
0.693322
