0.000000
538.132870
536.291410
534.475205
532.683847
530.916934
529.174072
527.454876
525.758963
524.085962
522.435504
520.807229
519.200783
517.615817
516.051990
514.508966
512.986413
511.484008
510.001432
508.538371
507.094517
505.669567
504.263225
502.875198
501.505198
500.152943
498.818157
497.500565
496.199901
494.915900
493.648305
492.396859
491.161314
489.941423
488.736944
487.547641
486.373279
485.213629
484.068465
482.937565
481.820712
480.717690
479.628290
478.552303
477.489526
476.439759
475.402804
474.378468
473.366560
472.366894
471.379284
470.403551
469.439515
468.487002
467.545840
466.615859
465.696893
464.788777
463.891352
463.004458
462.127939
461.261643
460.405419
459.559118
458.722595
457.895706
457.078310
456.270268
455.471444
454.681704
453.900915
453.128947
452.365672
451.610965
450.864702
450.126762
449.397023
448.675368
447.961682
447.255851
446.557760
445.867302
445.184366
444.508845
443.840635
443.179631
442.525732
441.878837
441.238847
440.605666
439.979197
439.359346
438.746021
438.139130
437.538583
436.944293
436.356171
435.774133
435.198093
434.627969
434.063680
433.505144
432.952282
432.405017
431.863271
431.326970
430.796037
430.270401
429.749989
429.234729
428.724553
428.219390
427.719173
427.223835
426.733311
426.247535
425.766444
425.289974
424.818064
424.350652
423.887680
423.429086
422.974814
422.524805
422.079004
421.637353
421.199799
420.766288
420.336765
419.911179
419.489477
419.071610
418.657526
418.247176
417.840512
417.437484
417.038047
416.642153
416.249757
415.860813
415.475276
415.093103
414.714249
414.338674
413.966333
413.597187
413.231193
412.868312
412.508503
412.151729
411.797949
411.447127
411.099224
410.754204
410.412029
410.072665
409.736076
409.402226
409.071082
408.742609
408.416774
408.093543
407.772886
407.454768
407.139159
406.826027
406.515342
406.207074
405.901191
405.597666
405.296468
404.997570
404.700942
404.406557
404.114387
403.824405
403.536585
403.250900
402.967323
402.685830
402.406395
402.128992
401.853597
401.580187
401.308736
401.039221
400.771619
400.505906
400.242060
399.980059
399.719880
399.461502
399.204902
398.950060
398.696955
398.445566
398.195872
397.947853
397.701490
397.456763
397.213652
396.972138
396.732203
396.493827
396.256992
396.021681
395.787875
395.555557
395.324709
395.095314
394.867354
394.640814
394.415676
394.191925
393.969543
393.748516
393.528827
393.310461
393.093402
392.877636
392.663147
392.449921
392.237943
392.027198
391.817673
391.609354
391.402226
391.196276
390.991490
390.787856
390.585359
390.383987
390.183728
389.984568
389.786495
389.589496
389.393559
389.198673
389.004825
388.812004
388.620198
388.429395
388.239584
388.050754
387.862894
387.675993
387.490040
387.305025
387.120936
386.937764
386.755499
386.574129
386.393646
386.214039
386.035298
385.857414
385.680378
385.504179
385.328808
385.154257
384.980516
384.807576
384.635429
384.464065
384.293475
384.123652
383.954587
383.786271
383.618697
383.451855
383.285738
383.120339
382.955648
382.791658
382.628363
382.465753
382.303821
382.142561
381.981964
381.822024
381.662733
381.504084
381.346071
381.188686
381.031922
380.875772
380.720231
380.565291
380.410946
380.257189
380.104014
379.951415
379.799385
379.647919
379.497010
379.346652
379.196839
379.047566
378.898826
378.750614
378.602924
378.455750
378.309088
378.162930
378.017273
377.872111
377.727438
377.583248
377.439538
377.296302
377.153534
377.011230
376.869385
376.727993
376.587051
376.446553
376.306494
376.166870
376.027676
375.888907
375.750560
375.612630
375.475111
375.338000
375.201293
375.064985
374.929071
374.793549
374.658413
374.523660
374.389285
374.255284
374.121654
373.988391
373.855490
373.722949
373.590762
373.458927
373.327439
373.196295
373.065492
372.935026
372.804892
372.675089
372.545612
372.416457
372.287623
372.159104
372.030898
371.903002
371.775411
371.648124
371.521137
371.394447
371.268050
371.141944
371.016125
370.890591
370.765338
370.640365
370.515666
370.391241
370.267086
370.143197
370.019574
369.896212
369.773108
369.650261
369.527668
369.405325
369.283231
369.161383
369.039778
368.918413
368.797287
368.676396
368.555738
368.435312
368.315113
368.195141
368.075393
367.955866
367.836558
367.717467
367.598590
367.479926
367.361472
367.243226
367.125186
367.007350
366.889715
366.772280
366.655043
366.538000
366.421152
366.304494
366.188027
366.071746
365.955652
365.839741
365.724011
365.608462
365.493091
365.377896
365.262875
365.148027
365.033350
364.918842
364.804501
364.690326
364.576315
364.462467
364.348778
364.235249
364.121877
364.008661
363.895599
363.782689
363.669930
363.557321
363.444860
363.332545
363.220374
363.108348
362.996463
362.884718
362.773113
362.661645
362.550314
362.439117
362.328054
362.217123
362.106322
361.995651
361.885108
361.774692
361.664401
361.554234
361.444190
361.334268
361.224467
361.114784
361.005220
360.895772
360.786440
360.677222
360.568117
360.459125
360.350243
360.241472
360.132809
360.024253
359.915805
359.807461
359.699222
359.591086
359.483053
359.375120
359.267288
359.159555
359.051920
358.944382
358.836940
358.729593
358.622341
358.515182
358.408115
358.301140
358.194255
358.087459
357.980752
357.874133
357.767601
357.661155
357.554793
357.448516
357.342322
357.236211
357.130181
357.024233
356.918364
356.812574
356.706863
356.601230
356.495673
356.390193
356.284787
356.179456
356.074199
355.969015
355.863904
355.758863
355.653894
355.548995
355.444165
355.339404
355.234711
355.130085
355.025525
354.921032
354.816604
354.712241
354.607941
354.503705
354.399532
354.295421
354.191371
354.087382
353.983453
353.879584
353.775773
353.672022
353.568328
353.464691
353.361110
353.257586
353.154118
353.050704
352.947344
352.844039
352.740787
352.637587
352.534440
352.431345
352.328300
352.225307
352.122363
352.019469
351.916624
351.813828
351.711080
351.608380
351.505727
351.403121
351.300560
351.198046
351.095577
350.993153
350.890773
350.788437
350.686145
350.583896
350.481689
350.379525
350.277402
350.175321
350.073281
349.971281
349.869322
349.767402
349.665522
349.563680
349.461877
349.360112
349.258385
349.156695
349.055043
348.953427
348.851847
348.750303
348.648795
348.547322
348.445883
348.344479
348.243110
348.141774
348.040471
347.939202
347.837966
347.736762
347.635590
347.534450
347.433341
347.332263
347.231217
347.130201
347.029215
346.928259
346.827333
346.726436
346.625568
346.524729
346.423918
346.323135
346.222381
346.121654
346.020954
345.920282
345.819636
345.719016
345.618423
345.517856
345.417315
345.316799
345.216308
345.115843
345.015402
344.914985
344.814593
344.714225
344.613880
344.513559
344.413261
344.312986
344.212734
344.112505
344.012297
343.912112
343.811949
343.711808
343.611688
343.511589
343.411511
343.311454
343.211418
343.111402
343.011406
342.911431
342.811475
342.711538
342.611621
342.511724
342.411845
342.311985
342.212144
342.112321
342.012516
341.912730
341.812961
341.713210
341.613477
341.513761
341.414062
341.314380
341.214715
341.115067
341.015435
340.915819
340.816220
340.716637
340.617069
340.517518
340.417981
340.318461
340.218955
340.119464
340.019989
339.920528
339.821082
339.721650
339.622233
339.522830
339.423440
339.324065
339.224704
339.125356
339.026022
338.926701
338.827393
338.728098
338.628817
338.529548
338.430292
338.331048
338.231817
338.132598
338.033391
337.934197
337.835014
337.735844
337.636685
337.537537
337.438401
337.339277
337.240163
337.141061
337.041970
336.942890
336.843821
336.744762
336.645714
336.546676
336.447649
336.348632
336.249625
336.150629
336.051642
335.952665
335.853698
335.754741
335.655793
335.556854
335.457926
335.359006
335.260096
335.161194
335.062302
334.963419
334.864544
334.765678
334.666821
334.567973
334.469133
334.370301
334.271478
334.172663
334.073856
333.975057
333.876266
333.777483
333.678708
333.579941
333.481181
333.382429
333.283684
333.184947
333.086218
332.987495
332.888780
332.790072
332.691371
332.592677
332.493990
332.395310
332.296637
332.197970
332.099310
332.000657
331.902010
331.803370
331.704736
331.606109
331.507487
331.408872
331.310264
331.211661
331.113064
331.014473
330.915888
330.817309
330.718736
330.620169
330.521607
330.423051
330.324500
330.225955
330.127415
330.028881
329.930352
329.831828
329.733310
329.634797
329.536289
329.437786
329.339288
329.240795
329.142307
329.043823
328.945345
328.846872
328.748403
328.649939
328.551479
328.453024
328.354574
328.256128
328.157687
328.059250
327.960817
327.862389
327.763965
327.665545
327.567130
327.468718
327.370311
327.271908
327.173509
327.075114
326.976722
326.878335
326.779952
326.681572
326.583196
326.484824
326.386456
326.288091
326.189730
326.091373
325.993019
325.894669
325.796322
325.697979
325.599639
325.501303
325.402970
325.304640
325.206313
325.107990
325.009670
324.911354
324.813040
324.714730
324.616422
324.518118
324.419817
324.321519
324.223223
324.124931
324.026642
323.928355
323.830072
323.731791
323.633513
323.535238
323.436965
323.338696
323.240429
323.142164
323.043903
322.945644
322.847387
322.749133
322.650882
322.552633
322.454387
322.356143
322.257901
322.159662
322.061426
321.963191
321.864960
321.766730
321.668503
321.570278
321.472055
321.373834
321.275616
321.177400
321.079186
320.980974
320.882764
320.784556
320.686351
320.588147
320.489946
320.391746
320.293549
320.195353
320.097160
319.998968
319.900778
319.802591
319.704405
319.606221
319.508038
319.409858
319.311679
319.213503
319.115328
319.017154
318.918983
318.820813
318.722645
318.624478
318.526313
318.428150
318.329989
318.231829
318.133671
318.035514
317.937359
317.839205
317.741053
317.642903
317.544754
317.446606
317.348460
317.250315
317.152172
317.054030
316.955890
316.857751
316.759614
316.661478
316.563343
316.465209
316.367077
316.268946
316.170817
316.072689
315.974562
315.876436
315.778312
315.680189
315.582067
315.483946
315.385827
315.287708
315.189591
315.091475
314.993361
314.895247
314.797135
314.699023
314.600913
314.502804
314.404696
314.306589
314.208483
314.110378
314.012274
313.914172
313.816070
313.717969
313.619869
313.521771
313.423673
313.325576
313.227481
313.129386
313.031292
312.933199
312.835107
312.737016
312.638926
312.540836
312.442748
312.344661
312.246574
312.148488
312.050403
311.952319
311.854236
311.756154
311.658072
311.559992
311.461912
311.363832
311.265754
311.167677
311.069600
310.971524
310.873449
310.775374
310.677300
310.579227
310.481155
310.383084
310.285013
310.186943
310.088873
309.990804
309.892736
309.794669
309.696602
309.598536
309.500471
309.402406
309.304342
309.206279
309.108216
309.010154
308.912092
308.814031
308.715971
308.617911
308.519852
308.421794
308.323736
308.225678
308.127622
308.029565
307.931510
307.833455
307.735400
307.637346
307.539293
307.441240
307.343187
307.245135
307.147084
307.049033
306.950983
306.852933
306.754884
306.656835
306.558787
306.460739
306.362691
306.264644
306.166598
306.068552
305.970506
305.872461
305.774417
305.676373
305.578329
305.480286
305.382243
305.284200
