0.000000
0.000000
0.000841
0.000909
0.000141
-0.000757
-0.000959
-0.000279
0.000657
0.000989
0.000412
-0.000544
-0.001000
-0.000537
0.000420
0.000991
0.000650
-0.000288
-0.000961
-0.000751
0.000150
0.000913
0.000837
-0.000009
-0.000846
-0.000906
-0.000132
0.000763
0.000956
0.000271
-0.000664
-0.000988
-0.000404
0.000551
0.001000
0.000529
-0.000428
-0.000992
-0.000644
0.000296
0.000964
0.000745
-0.000159
-0.000917
-0.000832
0.000018
0.000851
0.000902
0.000124
-0.000768
-0.000954
-0.000262
0.000670
0.000987
0.000396
-0.000559
-0.001000
-0.000522
0.000436
0.000993
0.000637
-0.000305
-0.000966
-0.000739
0.000167
0.000920
0.000827
-0.000027
-0.000856
-0.000898
-0.000115
0.000774
0.000951
0.000254
-0.000677
-0.000985
-0.000388
0.000566
0.001000
0.000514
-0.000444
-0.000994
-0.000630
0.000313
0.000968
0.000733
-0.000176
-0.000923
-0.000822
0.000035
0.000860
0.000894
0.000106
-0.000779
-0.000948
-0.000245
0.000683
0.000984
0.000380
-0.000573
